6250
7431
5992
8318
4776
5625
5594
7845
4918
2610
6901
7171
868
8832
6442
7276
4027
3362
2640
5322
9406
364
8060
6105
7578
4382
7033
8718
1820
3727
7682
9229
8343
6885
5844
2143
8620
7638
4617
5697
6743
867
7370
8615
1468
2418
3888
8852
2135
3288
9069
8087
30
448
1080
9218
1883
4100
1181
7977
222
3867
613
3928
6050
4520
831
561
2942
5155
2173
8982
8071
4474
2594
4789
4889
8780
2516
3116
4250
8612
3982
2538
5583
4574
2393
4579
7441
2830
6847
1858
7167
5994
798
4612
2761
5688
8166
2248
6113
8927
1286
3899
5681
1652
6191
9492
8424
9232
7568
800
5360
5582
436
102
2428
9636
8134
2643
8560
355
6475
7909
5779
9201
2107
3869
2000
2062
9039
7832
5752
977
1064
7310
3501
9683
9376
4373
4453
6043
4061
7409
4774
8648
5358
4869
3017
4580
5564
6648
1192
207
5308
52
1426
7139
8539
8987
6420
1030
9025
6938
3031
1786
7413
6600
2228
9920
1986
1606
5376
5263
8128
8696
6362
1098
1195
1885
1442
8851
5032
3713
3805
5936
3660
2502
7901
2087
6818
8681
9295
7567
982
7728
9480
2
6243
2028
1443
5294
6009
9052
1045
2042
853
8642
1303
8198
64
7937
1499
3344
4442
8449
750
9860
1698
6182
6099
1522
1476
2318
8517
8631
450
8940
6297
4627
9190
1581
4232
330
1605
7925
8698
8452
4611
9936
3322
2817
405
4852
7239
3848
6212
9055
8129
4335
6707
7640
5204
7195
2439
1651
3086
43
3552
4434
6152
9722
1821
8323
4306
3650
5633
2960
5384
3815
1905
6950
6443
3570
6126
5280
6027
6992
6739
5928
2167
5504
2877
463
6367
6699
5122
5042
2107
5869
7398
226
7495
1599
4352
257
5620
2988
2678
5075
2901
7517
6705
1220
5228
5451
8260
990
4099
8697
8361
2763
78
9566
3569
9194
8890
7546
3009
4196
6285
311
2979
4036
1360
8523
4859
2671
4492
2695
8576
6542
5226
4337
8284
9423
7521
2964
9109
3662
4618
5120
3818
156
3437
1532
6096
5749
8906
3737
2745
3384
1915
2087
571
7323
676
2905
4990
2997
4221
3755
6434
8651
8444
2265
7556
3859
9693
5761
8898
8173
8228
6099
3221
1710
4048
6482
8998
8331
563
4833
1725
1175
7381
1317
7638
9832
2072
6000
8181
8159
2207
6289
5165
1873
3184
2826
5918
5425
4389
6779
4927
8391
6117
1107
3508
2638
2312
3330
1812
2850
9702
7529
8180
4666
2148
8911
9226
6629
180
5106
364
4432
9571
4565
505
8532
9547
3904
6581
9096
768
2868
3218
5467
5566
7694
410
862
8099
1080
7356
6832
41
9725
3763
6205
8254
8446
870
7646
4446
3263
3186
9792
3271
4515
8543
7965
4538
5060
8413
1902
7247
7932
2664
8625
8014
2434
2915
624
4113
7589
6496
5843
1856
7102
8641
2624
4309
559
3988
9720
8438
1443
9715
8769
727
3733
1743
4192
2000
5358
2277
3410
6749
8561
1687
8453
9605
4376
228
8586
1765
821
5427
2399
3166
2187
9081
6966
1985
9828
3787
1137
1646
3256
2659
9805
6933
3997
7475
6081
5044
3686
9865
8697
4445
2167
7378
2691
4254
987
1237
2430
9541
2614
5447
7385
3407
5933
7535
2716
5011
4157
9660
8669
3795
2142
5077
5103
4083
6268
9034
13
982
1577
5039
3834
7997
7616
7156
4529
9198
6605
6472
1967
3869
4936
5231
3971
9621
1786
5235
525
669
6660
8088
7117
1647
1068
3588
2982
3684
8210
9168
5050
8754
8535
7669
3862
304
8367
2916
3391
3052
3378
2574
2738
2492
8643
5607
4026
5133
2260
7273
7440
3786
47
8041
1353
8313
4730
4090
2731
1179
4188
6104
597
8867
9852
9969
3267
4744
8104
7675
8230
6371
4719
9249
2119
334
4743
6834
7036
738
8008
194
8636
3228
3510
8873
859
5053
4243
9969
1961
3067
7791
2076
6575
5820
6934
5335
8968
2922
8871
4729
3319
4701
1251
8742
7921
7870
8153
8372
1519
8374
9396
2082
1640
898
2104
732
6770
5590
4347
2814
6461
6516
6831
4342
6080
3040
124
9687
5784
4909
1706
9298
6538
4139
9250
7788
9498
1995
3959
1163
8941
7314
571
5148
3062
3224
8635
7452
1412
2909
3095
5627
2549
1490
856
8718
551
313
4019
5300
4422
1992
9780
2682
172
9389
1598
2084
1346
9394
6177
2403
135
2837
6038
819
7824
5158
8044
1956
346
8571
4059
8538
1929
5364
1164
5600
7440
3712
5299
7148
1949
1910
4024
8904
4194
4316
1229
3249
9212
2412
9010
2817
4210
7420
9732
7325
884
6668
4291
4158
6910
4512
1020
7020
9038
42
3308
8489
373
8032
3045
1738
4776
6609
1274
3867
2062
5008
7073
8285
8692
7419
613
6439
9974
4412
6585
9785
1472
1734
9741
1362
9254
7357
5170
2597
908
1580
2105
5016
1818
1724
1561
8451
4131
2476
4894
7001
9010
5328
2506
1542
6338
5684
9347
2882
9848
4219
6606
2799
9812
9840
7048
1163
9889
5222
4807
6060
9512
2302
9150
471
8250
4319
5700
3377
4041
3089
7923
5416
2832
4971
6299
9182
3260
6741
2541
2114
6280
2984
1445
5533
6353
9967
3537
6845
7722
7023
7533
3180
6622
5418
2824
3822
7821
6369
8683
5654
1810
4459
8698
547
7183
24
6059
6136
1230
4260
7753
1737
663
3771
3474
9308
3499
7092
8096
5286
2599
4281
4952
2919
1163
2150
801
6247
519
1870
2421
6307
999
2775
9000
7313
7362
6019
4185
5576
1286
4414
6530
6761
4751
245
7351
7685
9834
1177
554
7353
2346
5428
9865
8145
9060
1341
5063
2155
840
3199
339
9584
6898
4647
4679
5757
8608
3492
6308
871
4834
6750
664
1876
4572
2853
4097
9058
6854
8668
3568
808
2312
2616
5971
8844
5602
1584
9406
2713
2953
8545
2699
6794
4515
9853
8794
5206
6887
6037
2239
50
7253
7558
955
6232
6850
7507
7670
1740
8194
6483
7008
5704
7405
1024
59
7832
285
5834
9448
1873
8363
1838
4420
2649
9044
6579
7248
916
2188
867
9423
2770
3999
5741
8472
712
7916
6765
4031
1547
1356
8513
4842
2286
6639
661
6711
8970
4173
8531
5146
4892
6080
5185
5399
4096
8851
9165
6920
3222
4308
1867
8877
9773
9207
1180
8308
7708
5124
3513
2721
1891
1937
4611
4521
1394
170
675
5494
7874
9748
5217
5798
9364
5284
3798
3340
1657
949
8352
6303
9193
1148
5150
3644
4854
6793
5607
5845
3395
770
7147
934
6366
360
2087
8861
7360
8841
6162
663
5131
3264
4657
7557
8742
491
3425
9067
3268
8977
4020
8635
6776
9502
7116
9738
9320
4063
5975
5510
2509
8508
2252
84
3835
1102
9706
432
3413
6220
7466
3352
2010
9602
3457
3439
8363
9218
286
4356
618
3680
439
7538
1453
8347
5011
9588
8954
7810
323
2035
5620
2261
9790
4883
6020
4419
4177
8440
9572
3142
1993
6276
8675
9620
3183
5836
3975
2152
3500
2247
7983
5885
4006
5148
5386
4638
9976
7994
3480
2924
6149
4222
8910
7643
772
4910
7587
578
9148
8113
3056
4751
8514
926
4897
12
9980
1519
2761
5812
20
9875
3566
1982
3498
2755
9070
1594
2611
563
8521
3488
1275
1194
6445
5873
2448
8685
8736
6587
6706
2584
1175
39
3971
7266
3272
5656
6694
9156
6864
7720
2063
3788
3336
1900
2805
3933
5483
9490
1029
4667
69
6389
7224
1162
4954
190
6986
240
289
5418
1363
7279
6737
3891
2784
5934
4925
4471
7485
9317
9416
4060
7042
7770
7366
9588
6185
178
6738
8953
1410
2881
1442
7417
5077
2682
1100
4768
2652
8191
1277
7739
6554
6796
5945
1619
8661
2932
7732
4768
4954
6982
3058
9853
9998
3163
8666
5992
6002
9042
3229
6745
1063
8937
2747
9868
3855
8414
1260
6135
7493
7311
9027
6145
3632
4299
8799
6012
8899
6833
7025
5108
9756
6556
970
1613
8530
1690
4528
4535
2970
4766
5285
4062
3978
6168
2848
5653
1378
1383
3797
7089
5520
2603
1754
1880
3360
3392
1995
6868
1196
8468
8813
6648
2720
9376
395
2522
228
776
360
9093
8900
1417
7321
7320
8886
8457
3823
8894
7640
3740
3839
3110
5387
5873
3642
4072
9909
2512
4327
3043
2954
3131
5487
8004
9471
3719
8661
92
2607
1373
6022
4474
1943
8522
4485
1445
9811
3682
7932
2034
678
8018
549
1281
1573
4796
2439
1457
7345
1811
4587
6985
3087
5273
4037
2595
7549
7316
1712
6328
5533
8278
4668
9401
4333
9204
1812
5669
9134
9665
7074
4435
4936
895
6906
1700
8067
4498
9541
6610
8631
2538
1963
1780
6327
5698
6766
8503
6022
2358
5130
400
6159
2960
4084
1984
2633
812
5870
1819
3142
2619
4757
3486
2140
9454
1977
1399
4544
1621
2578
2673
7115
8930
8945
692
32
1265
4500
825
7615
3007
7661
3806
6355
8878
521
7703
477
8062
8916
5105
89
8095
554
8205
4665
9940
5694
758
5052
898
509
2582
529
2590
6717
9202
3493
7079
2302
6525
3321
5406
7240
8038
2643
9306
5036
9884
3816
8669
5543
7414
752
4430
7072
5341
1403
9021
6126
2421
9192
4224
1202
799
7480
9377
3067
9551
9736
1195
7685
1789
9522
190
9518
4747
8621
7655
2333
2678
8662
1480
1828
3102
1487
8693
9408
7980
6133
7549
9261
2715
5796
2230
1526
7536
6444
8787
2778
7780
9835
1809
1325
1878
7613
7493
8885
8412
9903
294
2095
6543
1330
7113
6990
7281
9786
5133
7120
6647
8392
6819
1274
5562
9114
8354
9939
5487
7263
5840
537
3273
9714
6958
274
3481
6114
4460
1998
1504
1545
1872
2825
6216
1186
1086
7531
6613
2333
6125
8682
2909
6840
7328
3309
8897
7494
5414
1575
9055
5136
5465
6328
793
9458
6720
3673
9571
5293
5255
3804
2151
7980
3144
8183
1198
5886
9459
3894
2603
5561
5621
8455
5480
5134
36
8748
3584
4561
4679
5831
6081
7115
9384
3338
5031
5113
7905
964
6753
4286
3573
6066
4307
5447
1288
5827
8727
9126
6962
9609
7384
8711
5093
6141
8824
292
124
2993
4832
2901
7444
6456
2072
1099
5494
8355
7639
3000
1259
2604
5126
713
7648
8391
414
6925
2731
8745
9262
882
7633
2946
2014
9383
1983
8753
4258
3567
3256
5735
6111
243
9098
4140
6931
7326
9758
4666
6775
6517
1157
3275
627
2802
7763
1751
6574
9564
8469
9099
4456
155
7953
1063
7262
1600
647
5074
3557
3813
4339
5734
5567
8140
5700
1599
4183
2372
584
7464
9144
5448
7800
7603
9891
4000
6261
4512
208
4614
1891
4557
7638
214
2479
6658
6903
6358
5807
2623
5055
3356
8777
8093
4940
3150
3050
1165
2706
5638
5713
1740
4540
7765
1915
8365
7604
102
53
958
227
9861
9102
7138
6791
6345
1983
7119
3509
4685
8494
7114
2250
6361
6240
4032
978
518
8261
4875
957
8351
1602
2690
2882
3943
1951
7203
6354
8863
5629
2314
9696
4555
1741
4541
31
6090
4080
6174
6735
3200
4499
4421
4908
9702
6917
3166
9354
358
3831
7055
3703
5056
5311
8614
3762
3759
3776
7840
8984
2120
6567
277
1000
6845
2309
3993
3583
1991
6368
8043
4117
2167
5317
5044
2665
6334
276
8279
1083
6335
4217
9411
1249
7606
8885
6313
8481
5603
2874
1789
3450
409
3542
3036
3511
3707
1985
8577
2262
6839
2060
4086
4357
6052
1595
1064
1134
1158
6329
2597
1435
6845
4905
8616
1164
1662
6241
8994
4591
8280
9043
6570
170
89
6840
3802
3754
3378
955
6077
2450
1414
8123
1955
3118
6580
9080
5614
503
9391
9386
9568
1355
8700
3982
6399
2514
5685
2550
6666
2937
5324
3592
6418
1881
2955
1362
1828
8072
287
1229
312
7577
4730
5907
7244
1313
8292
7069
4838
6643
7438
4318
5136
1376
3303
6214
2131
2587
2429
6125
9045
7199
1798
9038
5501
5988
8362
4137
5939
7791
2487
1966
4978
6097
6780
4282
7638
5897
6600
9348
2353
4710
6257
5314
2513
8035
5339
9608
7914
6121
2936
2805
950
5930
3603
1304
3627
9422
7840
4332
556
6889
1587
7294
9981
1965
3779
5276
9567
3157
8347
7650
6215
5248
7232
7145
9458
2792
3949
4494
6167
7036
3031
2838
208
7099
9286
4415
4463
5993
2217
5760
4220
2161
5181
6636
276
7622
5909
2205
7353
4504
4859
7594
8378
2793
539
8920
8051
3442
6414
5093
9718
2659
2313
268
8048
5131
4344
7696
6245
6239
1236
1891
619
5883
1782
7528
7209
9465
7562
310
4861
4764
7506
7135
6662
6977
6018
347
6971
8035
4338
3587
4389
456
5655
4816
2009
451
8033
5471
4990
9786
5675
3362
2114
981
8256
944
2350
5834
86
9891
9650
2969
5757
7512
9211
6131
6538
494
6265
1289
2328
6697
4082
7257
7191
6272
1334
1520
2672
9257
209
197
1965
7985
5761
8694
9748
9118
3832
7482
7030
1945
9624
5646
7734
6696
1458
3389
3873
9047
4631
3506
9178
4751
8373
986
6816
1370
4874
9379
5453
2462
3124
2326
9310
3260
1841
8743
2117
5865
5192
562
1881
6295
2181
2611
3274
5333
5588
5291
7063
68
9189
1992
1545
3256
2592
4892
9177
3182
1488
4692
2745
7585
7374
2174
9306
1380
4881
1996
6867
9404
6705
2098
8319
2229
5864
5259
9480
5198
2501
2884
3289
8262
7757
4967
138
6974
419
4271
5168
2997
2941
7283
6903
5911
2235
9239
8061
6746
7185
5630
8582
7681
9223
7969
2952
1634
4513
7353
8784
134
6273
5333
1240
7729
3625
7986
8396
6491
8964
5702
5925
4708
9308
8178
5570
9707
8326
1375
812
5974
4850
806
4849
6189
515
3385
566
4630
3912
8319
9497
9509
1124
6015
6981
3225
2835
2852
3666
7289
6362
8772
9317
1695
6871
4148
3491
6923
5829
2137
9046
404
6304
2825
8700
8295
4102
5865
1864
7705
942
9033
8868
4153
872
1130
2326
3927
3952
9034
894
1320
1856
302
8946
6213
8522
4748
6811
8386
5195
642
119
1112
3319
3801
3535
8055
596
717
3716
4351
5230
114
8644
4814
907
802
5703
9688
340
7582
8796
1080
8386
1081
5634
1273
6661
1860
9890
7499
362
3922
9374
6416
4546
7824
561
5543
1538
9016
1898
8195
3300
2717
3123
3099
2643
2679
5524
9797
4941
7542
8549
6176
7679
5090
1422
5030
8600
1732
4603
2436
4466
1771
4761
1893
1534
8627
8717
4671
5736
8083
6340
8639
5225
1818
9710
4925
490
8044
6058
4241
7544
4876
4964
2403
7834
1234
6064
7666
4459
9519
2152
844
8052
4106
3956
2879
7259
9752
7110
3509
8105
4462
8867
8991
3774
2012
1977
6465
1309
410
5794
7462
4567
3872
176
3313
3413
7567
6018
774
7569
6327
7366
7034
9793
816
3981
9488
7148
7215
9945
7110
999
9400
3445
7102
6066
5800
5217
2596
6383
6631
8313
4620
1328
1065
9819
4291
8026
8022
5944
9245
7373
8749
5516
1684
9694
4119
3321
4115
2603
4673
3958
2832
8054
6825
8925
8499
7716
4380
4502
7845
5872
500
5661
350
6821
1650
1712
9123
9418
1642
2695
5651
4824
912
1616
4031
4812
3412
6545
1451
7031
1089
8344
8159
525
3824
4286
2021
9489
939
5239
9835
5781
8858
4211
24
995
8402
7037
9071
7063
4304
1813
7130
286
9011
2228
6575
7466
2626
1425
987
4365
900
7194
1023
6124
3623
6380
7952
6451
6445
6226
5238
7423
189
3036
3507
4524
3086
4024
4446
2244
2951
6521
4773
3937
8358
9776
2269
5951
79
8554
2030
90
6681
4422
2630
354
1064
178
8658
9617
7936
5211
8216
9377
5735
4779
1422
1085
377
4132
8675
647
2319
9221
5506
8666
2916
9345
4220
7750
832
3465
1207
4769
4312
1200
2778
355
584
1510
1721
100
9311
6945
1369
1957
3088
9021
3907
2135
4277
726
4882
7446
4165
5485
6474
5476
7345
7993
7887
5246
1539
1253
2480
71
645
5888
7679
1232
6694
2312
5573
5766
4626
3741
9189
4170
2302
8148
1872
4184
7028
267
4952
4891
8999
549
1929
1383
1539
6554
5777
3938
7803
3691
9652
7291
3666
6463
285
4902
6956
8370
7631
381
3875
8533
3997
3184
4492
5725
765
8570
530
5987
1108
2397
307
8310
2614
9814
7670
3946
4640
3150
4027
8851
1378
8379
5166
5457
3109
1425
7464
9563
4934
5262
1291
427
4398
6284
2940
7361
6828
3737
255
4073
9982
9131
1283
2815
7645
3514
9729
3980
5171
9248
5772
3220
8675
9468
5904
7384
3544
2846
820
2609
7274
3428
6132
2762
6226
5343
6696
4078
5854
9
1665
2347
9186
9099
4058
2262
8899
9941
5562
4662
4205
1348
4605
6325
4931
6891
3276
8672
1690
9532
6615
6307
2832
6251
5973
3664
5990
3776
6684
8184
4454
6865
9129
1452
6386
8737
1427
5488
7898
9166
1421
3
9413
9535
5456
7846
8416
5714
1474
95
673
9007
4405
9282
6317
2605
2497
9106
6822
6012
4304
1639
3810
2713
7335
8529
875
6996
1076
968
5192
4276
8994
4325
6500
5568
6471
7240
7291
761
4163
1707
9469
7296
9191
229
9592
514
9786
8460
6927
9449
2535
6924
5939
7170
5210
3399
7643
7930
2316
8303
2245
4276
4953
9066
8904
6103
1364
5855
7119
132
9636
269
8225
2756
9397
659
4819
1311
5112
2558
524
8922
9542
412
2450
5833
2333
7248
3949
5786
5305
2223
5821
9484
2993
2091
9992
8395
4275
1555
871
1240
8487
9186
6082
2419
7350
140
84
6277
2228
4246
1300
3665
4774
8235
5806
7555
7854
3806
8396
2589
2780
9072
4866
9436
8373
9492
7755
8519
7116
5835
1439
9325
3775
934
1497
827
2255
4042
7541
5800
7158
1442
8353
6772
7573
4657
3082
4222
1908
3029
2502
8234
4287
5807
9897
3283
4958
9900
2011
2080
9431
3442
6649
8486
3690
1994
5067
1373
5677
3783
4038
1023
6492
2692
4642
7160
8273
2936
2227
3029
9530
7282
4771
3070
2905
1494
4882
2695
4757
1291
4095
7426
747
4492
6761
5207
6718
284
4847
133
9518
9573
4260
7991
8172
5226
7931
4036
1807
8703
821
1252
7074
17
7266
2987
4478
1295
1626
7259
9967
289
9062
1359
5428
9092
4488
4377
9310
5088
4176
2212
6497
5654
6356
4308
4785
5517
4238
3853
3807
5821
7335
3528
1128
6959
4684
7010
9343
2971
6658
2379
7515
3977
383
7352
28
4457
7503
7820
6043
9491
2000
574
3125
8051
80
8280
9354
2333
3785
9779
9213
4762
4894
1623
9928
9786
5924
7380
6556
5870
616
9679
6093
4202
7139
6258
3144
4532
3447
5320
2291
5309
5690
7386
5188
4809
7422
571
3630
2300
9440
3657
3369
3471
7534
6719
7276
2309
8160
2148
626
2421
126
9899
5708
4380
3724
9527
7772
2106
7440
8143
9390
520
6368
7851
5722
8742
5745
8350
8883
7953
7668
469
5633
738
8961
4176
8957
9157
3416
256
738
2134
2196
8302
9716
8805
2037
4912
6157
3436
2091
5068
2300
9198
6727
6551
5493
2676
3418
1945
9190
8297
1978
5298
5479
2066
3815
818
1651
6956
7637
9132
2483
8087
1091
2566
9363
4456
6180
4691
7150
5364
7
907
9778
3941
1355
6281
5976
7192
7953
3990
7230
1859
8868
2792
1097
8042
1424
4704
4353
8010
2260
4772
2088
5924
7725
3193
831
5300
9660
6372
6059
4938
8804
7533
7036
806
9558
9386
4832
871
6636
1075
2572
2249
6274
9123
500
5202
2068
7403
2288
6485
8287
4334
3144
5350
1544
6402
4776
9102
5081
5911
7002
1526
8617
7405
913
6738
677
1604
3888
3038
9666
7901
2467
6215
4518
6457
5128
9405
5737
8770
3325
7091
2858
1218
5833
4123
4907
9534
8369
6732
6343
3422
7766
1443
2105
9593
7541
9505
1919
8399
9614
9007
5788
3925
5141
4198
9752
9912
5949
1698
3392
4222
6898
6260
8322
2661
8659
4546
9977
8952
9836
3968
3339
1391
7152
5062
6969
8305
2505
126
8669
3803
6104
7824
425
2512
5584
3392
9911
7019
2063
6688
722
4512
5414
5831
3811
9822
2675
2469
8100
439
5502
5806
9154
5389
4835
6441
956
3910
3517
7805
7321
1747
552
2511
6319
2590
3838
3297
3154
9691
1808
3410
4409
8008
8177
9230
9310
370
8209
8773
1693
2100
9329
3267
9761
7284
3715
5436
9368
6465
5577
7362
597
9908
1231
2810
6661
2793
5796
3779
8814
8681
6360
8696
881
5462
7800
154
2232
3571
4100
3373
8630
9763
4959
2700
6215
955
4772
2321
5076
1739
8638
9163
5368
6041
7972
429
724
8116
6485
5624
848
548
5839
3046
7578
7292
9121
3748
6487
7877
9417
1707
9122
4877
254
7592
9358
505
4416
4911
1028
9741
7777
1555
2977
6818
5144
6786
2005
9063
5862
3595
3779
7116
7912
8993
6707
3354
619
292
4057
1014
7696
3730
5106
4916
4338
2873
7009
972
4347
8178
5257
5742
5857
5795
2062
9165
7129
3249
8854
3302
7102
1992
1146
7440
8895
1976
1505
5216
8334
1379
9068
2571
3662
5411
2128
6277
7136
1724
3664
1545
3900
6370
8392
3804
8694
3483
3879
4103
6305
3885
7608
9809
7392
2704
6452
2270
7360
3708
4997
938
2275
8598
4360
9084
2462
2727
3729
9678
1418
4882
2695
1273
4905
7632
3669
2802
2724
6492
123
3084
3518
703
8232
5523
1218
5767
6611
1010
235
8046
1257
2343
5345
4715
562
1629
1391
8153
8327
8066
7336
2449
1042
7282
9040
1123
9440
4951
5169
9401
3248
6827
1069
1395
2446
4494
6162
2423
7893
1184
1407
9355
9165
4795
4751
7355
7663
5904
4121
9662
8605
7008
9471
8194
6419
5484
7682
6637
4181
6832
6699
4428
9295
6658
8185
9585
4366
9534
1186
673
4373
397
2830
3387
8673
9473
5921
5185
9083
4824
7431
2213
3395
7599
6367
6365
7000
3793
4259
6720
4004
2916
6604
8858
3209
8350
9002
7570
3634
6369
7427
3339
8881
800
8125
640
9556
8145
8922
6592
8248
3601
432
1752
2061
1857
2577
994
3628
7836
9110
1292
2667
1590
458
4978
6664
8457
3041
1565
1059
287
1490
8612
6442
6049
8684
2234
2679
450
7374
870
7661
7340
6302
1699
1385
628
3202
7700
4503
9168
6833
4764
4081
3683
282
2505
8384
3151
8189
9446
6743
5290
1232
3119
231
774
2274
8276
3754
3663
9867
1896
472
1120
6505
1949
4953
3983
933
8003
2384
5982
6139
5659
7322
3491
7214
3524
6966
9567
6176
997
725
5742
4063
7471
16
2536
4140
8733
9599
4980
3878
4315
4557
2586
7529
358
5036
4118
5591
6122
4284
6323
2208
8727
4142
2301
6672
9911
6202
9633
551
650
6107
525
7726
4324
3106
6293
611
6795
6900
6289
2185
2222
9080
7035
110
6747
6980
760
6169
8289
3670
3802
1542
9570
8974
4419
6023
3273
2902
6411
7167
2733
4698
9682
3597
8936
7799
1362
5197
4753
3467
1444
1783
340
3575
5005
958
9388
6086
9058
5371
4550
5159
5809
9315
1755
1447
5694
4746
7373
7215
2937
7153
9214
5139
3572
2471
2221
9328
882
7202
2361
1999
6043
5302
7707
9512
2363
6992
4002
6999
9993
6657
3077
1712
4223
9232
6441
1393
4541
7099
3067
5451
3555
2397
9940
3546
4519
2856
6306
8310
3778
2819
7705
6340
9704
4921
3854
4374
2890
2062
5252
5587
3272
3779
6969
4336
8628
5876
4489
6358
5472
7288
5730
5406
7757
3520
5387
6641
965
1761
2592
1691
9221
8738
580
239
836
8787
7486
8224
3374
6183
738
3332
2731
2827
3564
4281
2025
9570
1087
1610
5117
7127
5195
4181
6522
361
1903
7385
4116
7989
2305
6197
3594
8249
8348
8610
3920
9925
7666
2781
1192
7259
7490
4213
4235
6765
6241
7734
9044
3723
2869
2651
749
6211
8177
8505
1150
4948
9450
3118
7095
7927
9555
4275
9953
9844
4316
1295
9282
7663
7497
2991
4405
5314
963
4086
6078
2476
8731
3017
6659
4685
7532
225
1314
4575
3208
7560
4606
6982
1849
6188
6591
3840
6892
2548
9991
8322
8602
9319
5365
1539
301
1101
4339
9220
6530
2577
1882
302
1919
286
7398
4104
5955
7828
950
7866
8072
8300
5350
1815
9524
7091
7013
4656
3365
2756
8501
8392
1503
3652
3511
7723
8302
3228
675
5927
3479
7459
6003
6084
3156
3729
5057
3777
6821
1719
5019
5005
9729
3274
3684
925
4749
101
7135
9264
5077
5207
336
776
9366
6468
5232
7929
3807
8435
9041
2188
1504
1541
1423
5703
8058
6260
2914
3003
3733
3428
8626
8356
6754
950
580
4897
9386
1409
9250
2299
8239
4721
9877
815
2955
4906
1984
836
2891
298
1093
8790
9699
2054
158
2124
4823
6719
4442
8437
4835
4769
7650
6389
4266
8534
9027
8903
5137
9754
819
2438
4731
9081
2992
9567
8323
7331
7448
5999
1573
986
7108
7283
8056
2530
6154
4931
1029
9568
6520
6446
4930
5344
2266
8848
1356
7296
7864
678
6281
9560
8625
3186
157
9977
1498
7417
179
2088
2301
266
4502
7824
1071
9206
1454
7194
688
2374
2942
7087
5147
7957
101
2559
2971
4416
1025
390
8116
998
4922
6571
5415
6172
4400
6457
129
178
7759
8768
1491
6698
6137
2376
8262
7819
6158
7842
271
5909
7328
4076
3654
5817
4827
4130
9110
884
2611
3177
1839
6663
8732
5986
9061
6937
4682
869
5994
7691
3192
1965
4015
5980
4428
2005
5342
2328
8810
3233
7043
7234
5753
5047
3419
4640
1606
3094
9901
7812
6722
6045
3449
5968
1197
3089
4200
3225
1118
7313
542
4935
2372
7538
5195
340
7001
3957
2946
4616
7922
964
1679
7837
1394
3923
7079
3168
3070
5319
7960
1699
2670
9737
3569
6690
4357
6393
6394
5776
4771
2587
4025
5624
8326
1364
1449
9963
9835
1924
766
8471
7875
1867
8788
1032
8343
6237
4241
9118
6609
9511
5329
3645
8398
3166
5360
6561
4054
3264
8772
1613
8215
9632
2459
8317
7083
608
7570
1910
8445
5124
5140
1313
5409
6882
4811
6502
3416
3826
9697
6537
1485
9729
1996
9525
2915
3743
3359
6245
7676
8066
1188
9841
8586
3482
7090
5015
6046
7475
6501
1530
1567
9865
9144
8424
8619
6449
8423
7341
459
2033
4135
5658
8455
391
6927
2643
1227
197
4824
4825
4397
2787
1864
9926
3138
9710
6353
2270
4855
5472
1609
6380
7334
3626
5173
9676
8448
2392
3434
9592
7151
9400
7357
5252
1887
3783
1584
8911
1768
7895
3563
7771
7928
179
1546
2499
7305
5375
341
4784
8762
8169
1462
2638
1965
1622
34
8762
2682
2301
4187
4291
4318
9864
3983
7480
4383
73
5959
4503
6332
6671
6277
7427
1754
9393
153
2638
5253
2473
7759
1518
4497
456
7103
4020
938
5881
2532
4918
2442
6419
3463
2006
7731
7462
1673
5250
3895
9816
7092
6031
2504
1139
1398
5983
6883
4111
5925
5660
2939
3876
5397
4289
8640
2307
1826
3197
2678
6813
3559
7160
1183
7024
2876
9880
2422
3520
1833
2067
3345
8966
99
3205
8595
3524
424
958
2088
3181
7077
5417
3667
1789
83
8878
8484
5035
3452
5710
4736
7285
8681
1005
6184
320
5777
1169
9480
6353
2832
4389
2744
6388
1698
4000
1068
8979
1760
3178
6651
3753
5945
5083
6143
8689
3153
8633
5413
56
9104
6387
2473
9193
3224
7705
2543
814
2654
7287
5368
3465
5714
6478
3812
3862
6237
2325
4473
3407
7054
7251
5611
6916
5642
445
5035
778
7412
570
764
146
2481
8256
237
2530
9866
5972
9670
8206
9029
2343
3722
6242
2410
7756
7097
8600
4211
8184
3880
3788
33
4551
7500
5827
9203
5696
4026
3927
6596
3980
4198
3201
3635
3966
5051
6965
8723
6208
285
6772
5864
185
9663
7153
6451
2659
1593
8248
3297
346
9808
996
7848
8691
4596
6350
1239
1723
1373
2127
7334
1530
4573
8498
1246
9698
2787
5910
9935
7234
1908
7248
2456
3940
6599
9444
6181
2985
6859
8403
1873
1510
5656
5124
4902
3505
5661
192
2086
6903
7965
8429
3615
2868
3306
5453
7399
1585
6856
3094
8756
5517
856
1217
1843
8055
5535
9338
472
2757
7641
2617
5046
5972
7638
3307
9197
3526
1190
532
4455
388
7874
8401
3745
724
248
4884
4855
4625
9382
1637
3143
6899
8735
7992
8697
2836
6879
730
6933
5567
987
4911
3179
9787
7212
42
1166
6964
1149
163
2584
7900
1418
6066
9815
9518
2052
2767
6832
4099
4890
5619
3841
828
1435
4000
9732
1493
4746
2386
2626
4434
5870
4783
2910
3439
6012
10
5012
1183
5226
2119
3885
21
715
2357
9661
6459
3039
6498
9274
9486
6483
4155
6972
7081
625
4671
6600
9679
3769
7641
7278
4160
5304
4716
687
7008
3283
3401
2550
685
5570
2818
3100
2985
7738
6057
1328
5150
8572
3653
5632
880
4526
7965
9123
4999
7746
8816
1292
7530
8403
6591
8993
6177
966
192
8783
7830
5805
3736
9537
7580
2037
7689
8946
1966
4874
7254
34
1694
920
3244
4139
7905
7826
8448
4936
5212
507
5518
4039
4207
4732
798
2465
5907
312
2198
3830
671
332
8186
4518
4572
9934
9314
3267
6872
7980
3281
7629
3294
7632
9485
7581
1132
7316
9255
7192
3865
1874
3513
3713
4939
4774
482
9694
2611
6199
2236
7840
385
8522
396
159
434
264
8055
2686
636
1941
7168
4562
9359
2404
8047
5576
5992
2236
358
9401
9353
1570
3077
724
558
3292
4218
3193
1744
9003
9837
1731
7086
4366
5811
7087
7988
2469
5197
2754
5
8722
8588
4342
5103
8445
4819
9348
9198
8811
4625
891
1544
69
410
2426
9549
7096
1139
1708
9810
1237
2564
1352
3812
4121
9490
226
4581
9675
8576
4601
8831
7930
7304
502
7657
4352
7169
9003
7654
1439
6892
4391
3510
5085
4519
1013
2582
6853
5624
8425
1715
4673
8527
6010
6691
8742
6437
7636
5066
6434
718
4086
3866
9868
9116
6060
4665
2477
7701
3307
9877
6366
5534
6128
5755
570
6606
3921
9559
1392
4505
1684
616
9958
1393
9495
7607
8816
4418
1852
7281
8972
9470
3446
3047
1092
4307
5483
5389
9792
520
1953
9910
7874
6538
8405
2944
8207
1950
6727
9152
4509
6758
8195
282
8734
7891
3604
9363
1988
9285
3720
24
7929
1140
5449
6291
2468
8596
9152
4314
1264
9984
348
3736
6957
77
4695
3129
1407
4294
8553
848
4279
5701
8749
9942
8260
7825
4167
3355
2898
2797
8737
3535
3606
6127
44
8787
9728
6577
319
7253
5722
1971
6879
8201
2507
9578
7226
9483
1797
2726
9961
9483
4856
3693
6429
1641
8526
6586
9573
9730
5609
2944
5885
2473
3709
7057
3509
6782
6527
7672
4578
9947
4224
7634
2692
2422
4992
3299
7071
4521
8221
1071
3358
2290
785
9331
7325
92
1877
157
1795
55
8540
6769
8975
1396
3591
9420
104
5879
0
4577
1820
9170
931
9665
3969
1707
2642
8397
6736
6836
8228
9767
5895
8435
3805
7147
3749
5031
5130
2625
9916
2484
1900
5688
478
2737
8997
4701
6220
1820
8818
4209
701
6332
6470
1050
6699
3972
124
7504
5245
322
2071
255
4866
1064
2157
9804
9941
6070
4191
6191
6152
9422
7615
3316
7867
7284
1311
6019
7030
3784
3745
1152
5603
3585
3808
6331
3958
8654
9733
7798
5730
5906
9199
1864
5609
1835
2394
2795
291
49
1180
3680
4382
7693
1763
5786
2457
7159
5296
6258
5640
175
694
3607
6099
2422
6619
5369
5682
8130
5064
2574
5518
5774
7251
1193
1910
7969
3680
1640
44
893
4042
3551
1168
1205
9505
4573
736
1294
9341
8704
4735
6911
6286
1836
8911
4787
154
9598
942
1629
7199
5316
8722
100
3551
3998
8896
1782
4603
1581
8517
1961
8675
7404
9285
6116
2516
1816
8210
3414
8202
178
738
8220
5904
9113
2379
6670
4609
787
2721
1655
3389
6273
1323
6278
9101
9576
8442
2734
2480
9783
4811
904
3543
9993
3742
8500
8916
8139
5736
2511
8250
6675
452
9927
4248
5168
3419
4217
995
2302
5190
2894
8234
1527
8765
644
5076
7649
7070
1963
5162
30
6024
7016
6795
1735
312
4513
5704
2975
8363
5825
5213
1491
215
5246
8399
2135
6988
2335
9508
2863
3478
3638
7364
4566
6035
2711
1817
7750
6346
9333
5344
9918
7963
1086
5890
3718
6554
3058
3688
7389
6667
4323
4420
5867
7548
3072
3366
3001
8047
5786
395
2804
5954
9695
3622
361
259
1893
327
1109
5784
2967
7369
561
8359
7756
9709
5213
5340
956
4917
9396
591
675
3547
2115
5308
8770
150
2552
6025
2802
7328
2836
9000
811
5745
1930
5784
6737
6266
5032
8245
1296
6533
8778
2579
370
3179
3683
880
603
2611
1789
5785
9734
7858
9261
8335
7469
6298
819
1778
1180
3269
5301
4286
9578
9546
9417
1766
6648
6439
9795
7839
7593
897
1800
1834
8331
4389
7293
7246
145
3596
2455
2436
1515
7952
1172
2607
9850
8959
9028
7056
6890
8840
7938
8543
2860
1596
1663
2264
6120
7799
8018
321
7020
5588
4460
3903
6952
4212
9918
9401
6140
3233
7205
6617
6673
6
7197
6886
439
442
8045
6463
5178
3194
138
5845
5700
5403
276
8820
1462
8933
6560
5998
6166
9610
8894
6334
9811
8424
8655
6721
8721
2851
5088
4116
4481
8518
5298
6869
8397
6271
9324
1923
4167
7381
1706
2378
7741
100
6203
5552
32
4062
896
5122
5087
5148
6737
2164
3603
2318
3833
9020
9270
9677
6219
6775
3310
1554
7687
1842
812
5744
8356
9640
963
222
4119
3716
2140
1618
8807
6740
1959
9532
2007
5797
1850
9375
3819
8130
5497
7830
1519
5079
575
9269
2100
1335
3606
8489
8958
3825
8489
4986
613
9561
259
6671
4290
4602
6986
6374
7434
6916
4374
2809
5762
4376
9570
8760
7367
5381
2984
3154
8533
3668
9502
449
8441
763
3368
253
6726
9228
4241
2511
9996
7341
5435
8692
823
1216
9214
7451
5489
3446
8140
3974
4803
8361
5955
5873
5696
2694
6235
4865
9954
7074
2159
2731
482
8101
6130
2076
4758
2997
3681
7273
9786
8806
2166
8623
2774
5956
1022
3278
7004
1627
7080
9715
2931
1805
5347
8693
411
2183
2954
2531
9131
7124
1565
6255
817
2795
1434
8730
8608
5266
8512
9226
6087
6911
4522
5046
913
4711
8787
8816
5714
2267
9703
9823
1988
3211
3259
2414
1103
7512
5728
5840
194
3712
7808
4220
9717
9536
7815
2273
3754
509
2319
2380
3774
1210
3573
1157
1481
6635
4479
9232
6631
1775
3436
6187
1245
5935
3419
3750
2544
4613
1887
4215
3061
5822
721
7811
7949
9601
8273
2296
6232
9187
8858
358
4941
9813
8494
5636
2452
6426
9583
6089
109
4754
1350
4284
9288
1082
7310
7747
4387
4892
5850
8932
950
5059
5040
3636
2100
4687
8257
8663
5770
1901
2851
4452
9851
3852
163
6013
2289
9099
1506
6022
8423
9080
1388
7179
8395
2910
6214
7081
3363
949
3984
7744
388
1666
8077
3655
2400
3250
6140
6761
1422
6041
3273
4177
376
4445
7273
4540
1211
7260
2502
1922
4839
3496
8098
2013
1430
6731
5748
3873
7977
4782
1954
1996
3721
3059
9879
7610
3044
9342
6198
5236
9706
4937
9143
335
5952
2155
4929
6560
4943
886
1080
6619
5185
7700
6857
9001
1223
9307
2907
3992
5705
8510
4581
6245
4123
4842
5899
7961
5013
3950
4090
6246
5235
9512
7820
563
2023
8954
5752
1375
986
9596
5928
9058
1927
4930
599
2928
2455
1753
5608
3861
2695
7578
8190
378
3106
4342
2160
7313
1397
8837
4837
8199
3853
2425
5787
7396
987
2690
3485
5614
7367
7427
2321
2987
735
7052
9049
7136
6042
4941
4727
9763
5959
6473
5468
4236
532
6629
2922
8351
5218
2872
3296
998
8273
4730
1949
8820
5644
4044
9097
9105
3908
113
1044
8136
9562
2152
446
26
6025
7392
8642
9653
8072
6938
2815
4728
7119
3042
847
6269
9751
875
7146
3787
6205
5021
3417
1332
5146
5997
9384
3244
5978
4856
9804
3899
212
4619
5773
4048
8946
5686
274
7457
4372
8682
198
5450
9454
2215
9665
3706
1348
4952
2358
5196
999
1084
3806
5492
3440
5791
8071
1861
756
2604
7145
5513
2415
7734
5487
7195
5741
7353
6625
9885
2655
2596
3504
8810
7501
3603
9341
8172
4758
8333
1180
6080
4771
4048
4019
3984
220
9392
9422
4591
5994
2824
8869
2746
395
8761
8746
6997
6120
6282
826
5734
5372
6463
9396
639
4610
3506
3740
1982
951
1712
2613
4771
4047
5034
5546
2170
4368
8455
4337
2746
1270
780
6948
1071
1947
6531
5139
7020
5453
615
6670
7694
4326
3173
2665
7318
29
3595
795
4691
7439
2080
5390
4813
7888
4306
6246
1147
9909
9783
8959
7677
1754
7308
940
5353
8
1532
8911
5853
4157
3151
5659
6660
7871
1435
6081
5391
3914
1939
5170
8020
1101
4069
3454
5213
8534
2922
8646
3306
4450
7294
5776
1651
4463
1090
1907
6028
6727
8498
5698
8605
9575
4244
6540
8532
608
8990
2751
3687
4834
6527
3429
3290
3500
3784
3937
3185
4532
6884
728
386
134
6481
7226
1216
7024
3430
8829
7788
39
1492
1748
903
368
7206
7351
3526
5583
8324
969
7939
9788
1297
1697
1357
8712
5146
7637
9388
6375
3788
9219
4030
7084
1374
1798
3069
8933
5529
7523
757
2739
1500
5655
5378
3394
6205
9959
7979
8983
4881
1571
7904
6709
4659
5834
5036
3642
8727
2000
5679
4634
1974
5386
8845
9351
4009
2639
2430
5313
8263
2055
4178
4050
6515
2585
669
3095
6666
7102
8655
7335
7774
7789
6978
9477
521
4095
4042
850
3088
6595
5347
593
2178
3323
7955
3363
6384
8654
3905
3176
4453
8660
2591
3699
4126
1006
2908
3383
8173
1929
9554
7202
3002
7604
4322
5425
1813
2296
2412
3873
8618
1094
5867
9387
1682
744
1062
8866
4924
8113
4860
182
3647
2154
4518
8487
6607
1913
9720
2023
9868
42
1217
7379
9160
8599
9475
5353
6517
1484
8446
5046
3870
5751
4138
5633
961
2275
4997
2381
7445
4750
1288
5899
9390
4854
3641
1364
8501
563
6714
7517
8350
4037
2530
3595
5650
5312
9475
6038
6187
8099
7131
5824
4404
4380
4229
1566
2841
5243
6782
3142
2617
6371
6179
5561
9001
7991
2487
2997
6713
697
6479
8493
8079
544
5039
5705
3400
9093
8479
5239
6977
6642
5077
9607
4116
9833
7623
7673
4139
7966
9182
1549
1926
5956
386
6332
5852
5628
8606
5847
3096
1272
80
5582
4273
9771
9745
7390
8070
451
9883
9210
3167
4841
7947
7057
9085
1978
5961
5832
9824
550
8765
114
4137
5260
6002
6060
4136
1074
3257
738
9536
5687
1045
5813
8309
7540
6421
8353
5769
3915
939
2710
3186
1317
389
3929
3904
8179
6286
4940
9659
8170
6459
6907
2257
923
2218
4541
6150
5802
2585
5930
5545
3518
1867
9489
5627
9832
5413
9019
1268
5382
9875
1512
8139
5749
8468
1382
524
6276
8788
9052
7357
6873
605
1504
2996
3064
3701
7278
2065
864
1308
8691
8344
4736
2995
9576
6123
9827
1947
7727
8711
1974
5513
7414
2835
1541
4597
8811
9585
59
7047
8016
2227
1859
2517
3435
8735
6393
1462
1740
2205
808
8893
9372
5455
6444
4326
3586
7059
7445
2939
434
4828
4389
9391
5746
9305
987
4969
9165
4260
7250
778
607
3329
8275
4538
3130
1984
3811
6220
6121
1819
92
8241
7975
9785
2104
9203
7964
8455
1386
6297
2906
4650
1755
379
5382
2836
2939
9489
6767
6590
9980
1075
159
6120
4511
593
5367
2347
2512
4276
602
8360
2001
6868
3227
7218
3261
908
4970
993
3672
2731
5419
9719
8986
1801
1249
489
2971
4205
7643
6321
7769
8155
2705
1608
7984
9254
5219
5983
2591
5880
1110
1256
66
587
4155
6699
3779
1654
2066
6417
6690
58
9956
8803
6631
1052
9337
2131
6047
6239
2338
2246
3003
1602
7608
7999
3431
9286
6502
7572
8143
6102
5576
4191
1973
9689
4153
2824
6560
4080
3800
435
2729
11
9902
1109
3231
1718
4210
3955
1682
1221
1239
6038
8913
3110
696
4850
3704
7713
2722
4776
868
8199
2696
9876
5988
7624
7559
930
2784
5249
6191
8116
6021
7542
2244
1995
174
8194
9012
4508
1617
3218
2402
8590
53
1730
9898
9719
3055
369
520
5200
6176
9485
3193
7326
9864
2184
8726
4676
3625
3135
3612
1793
7288
2631
2267
1182
9042
2805
7982
3217
9976
7167
1868
8853
5280
1612
3380
7314
2932
4956
5624
5862
1788
9700
3573
1633
2264
9184
3591
6140
4492
5625
8177
1462
777
4591
751
3469
1471
5425
1460
1411
5938
3808
6491
5175
3232
2250
177
1145
267
6603
1290
5144
8844
1881
2386
6248
6674
8645
3752
8398
1745
2005
1626
7685
3802
8879
3668
1944
1502
5593
3396
5852
8900
7110
9256
9137
304
1225
3327
7674
8268
5917
9256
7268
5499
5726
8987
7748
7818
3473
3038
619
1937
6963
9708
6986
8788
6396
4381
3698
435
7137
1364
4754
6143
4212
7102
1891
1132
9450
5509
2964
9710
9547
3185
9249
3033
3471
4794
3116
577
642
6581
5650
3528
7075
9064
9755
7809
5300
8340
8038
4181
5291
9068
6313
3001
7845
1248
2998
1566
8916
7179
1830
2726
3234
4612
363
4454
8251
7052
9518
1402
4877
2387
102
1127
9804
6619
647
9629
5306
279
7200
3117
6310
1354
9732
5522
1271
8
1769
4150
2931
7198
9493
9099
7373
1395
4108
5597
4975
5084
6574
2233
4832
5414
6941
2212
4992
1459
1482
9246
4500
3913
9559
4440
9597
1718
8742
5640
5710
4123
1097
6102
8870
5972
5724
5050
5065
8656
2667
8733
3693
9061
1135
6912
1775
4137
575
6360
8857
9219
6647
9929
8640
4137
5347
7018
2316
2317
7634
8836
273
4572
3801
9793
3416
1088
1498
4533
2677
2236
3873
8668
5463
1255
4560
101
771
9625
4440
6977
483
8969
994
7764
2966
1722
4862
8748
6515
6479
9780
4307
4395
2905
1458
5723
304
5445
8146
5023
2897
4636
667
1349
725
9801
2491
8698
4357
7110
1093
5528
816
2595
244
8688
6503
513
9182
6404
8741
3711
8658
7629
2766
4058
5747
8000
565
7888
9003
5809
293
3468
3066
4969
167
4955
7126
5751
8732
64
4791
8260
4160
6688
3881
8038
8873
7124
3378
7994
2164
7210
1382
5928
2760
1678
2281
2321
5273
6349
3556
8783
9364
2399
2625
3564
8092
7859
1996
6877
2430
6765
6589
5438
2170
6926
562
2586
9595
3139
2228
7614
1191
3874
4720
5540
4370
5945
6950
6447
786
3475
4101
1733
5102
4603
9397
3126
8294
1794
9243
9175
7511
9375
1922
3066
342
4961
6008
5083
9899
9805
8426
2800
8590
6809
3627
2181
2640
3895
4756
3184
6491
4767
4887
4132
6050
8702
1397
199
2419
5943
9391
2645
3235
5510
691
7121
7015
7801
3408
1298
7026
5234
3301
4379
5106
341
2267
3615
2593
2239
1150
5863
5049
9211
3770
5432
9851
7219
6569
2985
840
1652
3621
4102
2246
2309
9859
279
4858
9696
6323
9561
1037
4096
24
8829
1582
7524
7536
4812
6665
2692
5874
6312
5138
2418
6363
5852
1311
7522
7241
4948
6023
1188
8553
3593
9255
3012
8529
1144
4868
6523
4081
2804
4124
9819
9324
3128
3575
153
5091
5622
4638
9787
9293
5343
6697
2254
2684
9669
2956
5273
7096
917
8400
8998
3514
3310
2222
6030
5540
5978
2865
2672
9678
3098
2409
9285
7701
2106
8480
1269
7876
938
6068
1203
1239
5722
8672
6977
6311
1013
8084
374
629
5690
4731
5472
318
9013
6034
6516
9550
2925
8481
429
183
8702
255
28
8139
8304
5145
173
7142
3361
5220
585
2344
7657
9259
5872
6026
2152
6325
5414
5113
5136
8982
3198
5538
3937
8691
437
1626
8745
6660
1860
9634
3595
7074
9930
3314
4322
5993
9932
5979
8368
8498
2867
7882
6768
8647
2383
9971
4289
1697
6617
5062
9802
5687
5726
5285
5217
9983
1149
332
8040
1649
3198
4437
9524
6629
9419
1317
7676
1637
7394
5338
1978
4376
2095
4103
4568
4264
9753
2297
850
3162
7291
9190
1012
5820
8826
2480
2796
2678
8468
9314
4982
3493
1726
1274
540
8846
6168
3855
8150
8004
5691
2555
914
5833
1747
7073
1446
8519
9153
2312
3273
7685
3773
9881
9472
5166
4248
6632
845
6196
241
7393
7543
7027
5165
7495
43
4116
2289
6975
7651
5953
9256
2379
5275
5280
7557
4014
2139
9050
321
6135
9303
5786
3874
5144
6377
5185
5983
6112
1682
2799
6419
1148
4222
3374
3552
4022
321
104
4032
4267
2560
3391
1325
498
3698
1995
2837
7135
3715
1463
4694
842
3781
9600
7833
3081
7009
6388
9018
2930
2182
6263
5630
7
3273
3938
3633
751
4591
1056
3984
2584
8588
9896
3954
9561
1026
2053
6299
9978
6049
4581
1045
1121
1935
3436
1758
8849
6846
4199
602
6
2694
3069
4251
3834
4438
6894
5742
4448
1540
9604
5763
253
8127
3834
525
7706
8473
757
2378
6251
4803
8184
3616
8420
5173
6828
3576
4121
159
7329
4004
952
8463
6079
7980
3016
3169
6190
3188
9155
2366
1074
1216
7785
108
1977
756
9584
6289
7574
4052
1168
6903
3255
2754
2597
9369
93
1480
9053
1122
8645
4768
2341
3538
718
5907
1051
7362
3032
4139
9085
321
292
118
1093
2347
1627
8212
9887
8928
3561
8167
5284
8521
4727
8044
6072
5661
2393
4875
6740
7413
8535
9480
8488
7194
3659
7090
9638
6581
9886
6006
4025
2750
890
2369
7200
6408
5229
311
9369
2713
1299
3259
837
5548
6720
3947
475
3735
2284
7830
187
6316
782
7023
8721
2845
4002
9622
6264
3791
6968
2333
7237
5630
7115
2689
2455
4947
7494
841
3377
6004
7326
9875
584
6578
294
7931
5798
7622
779
5017
1765
3326
932
2337
7157
9460
6953
2208
4288
9584
1238
2172
5859
615
8134
7817
3245
1573
5018
4962
2870
1860
7067
3395
9137
8382
3685
1109
2048
3986
6900
165
5179
3252
7159
2683
4981
5481
14
8235
5534
8905
7896
1978
3800
4578
4839
6208
9206
3198
8400
6722
7949
3208
2264
9354
6803
3890
5055
1370
3391
2914
5736
7006
9927
3822
3640
6396
5218
5238
1654
2345
5380
288
4376
9988
7148
1644
9157
233
8939
4890
6861
9061
3882
509
914
1269
5923
2667
7733
9019
4809
1210
9003
2721
8267
1784
6421
4151
9
7862
2499
9505
338
7576
6839
3104
2064
7741
5854
869
8223
7230
5364
6327
9628
1922
9692
953
9707
3894
7959
4907
1245
8182
8096
3886
4674
1512
1786
2719
386
8708
9010
6583
8149
4155
9166
6286
5188
7635
6844
4904
724
6159
4232
9279
8861
5973
8889
1345
3574
1845
5131
1068
9257
3940
9647
4923
7809
6108
7129
1227
8549
3264
9666
6418
370
9680
4457
4426
6533
4472
7992
4630
1211
5340
1268
2604
3500
6717
9842
1827
8989
3863
4547
3853
1167
177
3584
9045
4979
1005
4318
9921
2639
3570
3643
4393
7458
9306
9018
6742
4892
1820
8425
42
1270
1005
6376
4920
9730
1409
4863
6050
9800
844
2648
9566
1711
3470
3682
1702
9099
72
5568
1422
4018
7136
1999
7506
6364
5414
8863
3659
5735
8208
2336
3534
7512
9310
8676
1290
6529
666
9675
2255
1078
213
4765
2597
7193
1063
628
6532
8158
4219
1811
4486
7037
8353
1354
5944
613
1839
8700
6190
1607
4172
3291
7097
2291
6192
6126
8232
6693
1134
8340
6091
455
1400
5362
6059
7127
9165
7571
3803
7177
2494
3562
268
1319
2413
71
7153
2901
602
3434
7829
5033
1788
1036
2017
6915
9715
7640
1224
364
656
694
5946
1959
3821
777
4919
8398
3735
8179
1367
2678
5695
4288
1077
6529
1726
6940
2415
173
1136
2151
8930
3917
6722
803
1070
7359
4933
7708
4721
1051
5935
2275
761
2353
7357
4474
1638
1904
3776
7200
8101
9641
2468
6282
1637
9653
4830
2356
5913
1222
2015
4623
3590
9441
2763
5117
3221
2476
1236
3516
4658
4158
2701
6758
357
9977
5333
4777
4300
1710
7127
3514
9857
973
7911
9027
2847
4769
7815
2005
6311
6766
5181
293
9042
6467
8870
8105
823
4712
2208
4562
3464
8009
8380
883
8256
6077
9993
5123
7253
6699
8750
5694
7910
9463
4679
66
8044
5329
8232
3042
819
2043
2675
9774
7531
6434
8709
2297
9310
3321
7976
4777
7570
7375
7254
1890
7002
8654
481
6801
4238
4720
1525
57
9904
2254
6589
8373
1756
8926
1513
2773
1771
1897
5866
8842
703
2765
2696
7939
9396
71
69
7146
7419
9494
8133
7449
5987
8793
3321
4196
4026
9242
9541
1226
3300
7798
4719
223
967
4579
9887
9841
5696
8364
7176
4931
6489
8760
2539
4795
1776
7466
8768
824
9977
2604
4518
8093
1768
9504
5391
2539
8557
8499
3884
5185
1322
5323
6015
7557
8878
2500
3792
7901
4886
764
4312
6125
8492
8002
8275
6456
4316
9450
2959
755
3740
6963
7268
2146
892
7060
9408
8142
3565
7145
929
4833
1406
6797
4394
8853
1159
6373
5799
1806
1475
8285
6991
2654
7866
7255
7817
7145
1757
4627
2490
9797
6247
8375
9763
3161
5221
4838
1900
1150
1722
404
3134
8044
6146
1385
4346
2499
4718
8129
7017
6289
4006
5071
6172
887
7709
1863
8989
1026
7908
1969
3021
3331
4087
4218
5576
9846
9748
9649
3687
781
8270
717
2326
8224
6741
2420
7039
2655
8955
5223
6020
7141
6505
7815
5784
9828
9938
3653
4070
4008
347
9031
3378
6391
5411
1966
8633
8495
2926
583
2862
3072
9153
6897
5497
7362
8945
6860
8923
7629
9524
407
257
4895
54
5838
6952
107
4684
1334
6836
8054
7614
2665
5409
3275
4941
217
5883
7927
9484
346
267
1122
1654
5775
3091
1595
1510
7252
2832
741
4591
4006
9966
1010
6864
3687
4728
5478
2167
3399
2098
7987
8911
2231
6336
9668
1479
2219
2462
6910
5755
9094
7470
7836
7531
6354
9798
9258
7136
6196
1587
3695
3595
8694
4597
6547
6843
6214
7318
6810
7090
3523
7747
793
6299
5310
3608
7260
7916
1890
9360
4095
7494
774
7247
1170
8650
6456
7843
1444
5920
3308
4102
2447
8510
6769
1723
3357
6673
6170
7812
8582
5516
8464
9290
7435
9394
5917
2252
866
3746
2351
3587
449
202
1962
6559
1877
5119
1877
2778
5058
1298
4682
3987
5576
7600
9929
8456
7756
1381
4290
8410
7877
4256
8466
6897
7153
2565
5215
4735
8044
70
6946
836
4187
1949
3199
2029
3745
5925
8032
1773
8378
8497
4852
649
5148
1682
1545
5364
6713
8409
1882
7155
5880
2758
155
4935
4273
4634
4728
3308
1215
7110
2769
656
8200
8693
2831
7924
6349
2067
4109
4406
9106
5479
1259
2897
94
2886
1440
2889
6526
4189
5913
7156
1863
7481
1943
4017
7514
1067
2051
4863
2281
4218
6690
4110
9990
2108
3345
6629
287
2192
9719
5955
4930
6392
1208
5047
2070
5911
3163
261
4009
3215
6599
8321
9690
8793
1926
5535
1797
8678
9066
8290
9747
2384
3879
3946
4102
9900
209
1631
4933
729
4045
3191
6576
7513
1334
5524
3830
1791
3762
6912
169
9613
7495
1582
6803
343
8288
8706
2544
2822
2654
4326
8337
9246
8833
7262
7052
8634
3206
2992
8674
8524
7494
2663
3370
5699
9568
7964
99
4148
6063
6396
6391
1215
8075
5627
5720
957
2195
114
2494
7092
7908
7909
1113
6604
8900
672
4763
9053
279
5330
1657
5975
5845
1495
1287
9332
9593
4823
933
7958
3444
2803
3118
6132
8828
6126
8029
9013
3204
5746
1003
5521
3844
3034
4097
423
305
7972
2493
3904
3859
8300
1032
8665
6902
676
3517
1766
7812
3473
7598
807
7109
9676
1031
1826
8844
7460
879
9335
7154
5538
5854
7272
1618
103
3389
3348
6676
303
7270
8254
9714
9567
8699
5501
9644
847
3512
7277
2810
4811
932
6649
5864
1424
4735
6679
5898
6950
5980
2570
6573
412
7562
3844
5234
5784
4784
9711
69
8822
2818
2320
8276
290
1548
9344
5873
598
551
9506
7316
4361
2218
2071
8396
7242
8938
4069
9043
1586
1090
7077
3579
1820
6182
8760
4761
5359
5893
3042
4492
9867
6998
6786
8488
3097
4207
145
4369
7254
7792
2411
2665
5877
6552
5051
8042
7526
7131
8943
3693
7255
4016
3310
5273
3783
614
9771
2042
7578
764
6080
1932
2620
1731
626
4136
2563
4283
584
7534
167
2829
3710
5763
7445
8710
6214
71
2786
2774
6884
9217
466
9103
704
1647
7436
410
3552
8912
2016
6998
3279
881
9275
5432
1429
2690
8194
109
4198
549
6512
750
832
8550
92
1523
2596
1452
5066
2972
5690
9020
2587
6231
7059
5982
8061
83
2897
7905
8926
5367
5822
7358
7703
7944
8217
6640
9898
985
6020
3018
9568
9693
9362
9961
8884
6738
3903
3137
1858
4662
9440
3135
6565
2308
426
7747
4637
5911
6417
5472
1588
1940
9126
8439
6621
7969
6772
7334
5969
9925
5714
3126
9521
8902
3987
388
6530
8394
1270
4832
2518
3293
5071
3313
6158
5263
3489
8000
1876
5242
740
7691
1167
2692
2858
8280
3254
2995
7453
1319
3562
8899
3206
4281
6745
9284
1948
8649
9489
8689
8519
2273
7183
4004
1448
604
7666
545
452
7291
4763
8308
5203
8481
4067
634
3440
6640
3504
1736
5523
9173
1675
6579
6826
4271
7598
6468
8981
1441
6571
6347
5924
7002
8186
5312
937
5450
4152
110
6425
6057
5603
2522
9056
313
1779
5424
9058
9912
4615
9056
3969
6851
6626
8582
3933
6911
2712
6357
7770
5314
41
7490
6465
8641
3973
5288
3477
275
2182
3921
9305
7528
3553
9293
1152
7426
3240
5489
7177
4643
338
3404
8825
9513
29
214
4058
6195
7786
3188
8890
1125
9220
9007
4591
9671
5516
242
3151
4565
1041
3938
4163
3124
6672
3325
2152
1537
9687
2644
4545
3564
8598
6745
6992
7871
9275
1715
4535
2943
6871
89
4259
1004
6595
4419
7479
2701
5236
5904
7260
2463
4470
616
129
356
6458
4432
9214
58
2005
9213
9709
4111
1660
6995
6565
7021
513
6002
8636
3958
8170
2133
3079
7819
6416
2254
8794
251
8410
1104
7896
2854
4893
1898
9777
3227
4885
1837
3198
6801
584
7644
8016
9452
8796
2945
9650
7785
4123
8914
6207
3670
2319
1896
287
7135
5802
6914
4948
7022
7093
3956
6012
1955
143
4704
1009
5134
3953
984
8358
5202
7673
2632
9133
2016
1450
1699
7690
543
2698
1957
6801
8288
3188
7515
7505
1682
8346
2040
3860
4673
6534
537
7996
8398
2692
8935
1438
4263
7722
2841
4541
4023
2235
5736
7048
9513
901
8606
9285
1580
1522
7545
5315
2454
1163
3242
6481
8312
215
6389
6218
9097
4088
6073
4741
824
1381
3957
5276
1495
6854
5708
1884
5571
7294
2500
2585
3460
8436
9687
516
1913
1548
6749
122
8389
8943
2503
5040
7464
8757
2197
9235
195
637
8614
3221
7966
5645
7603
2719
806
5658
9526
8012
6412
9795
2070
8413
212
8009
6569
7767
8639
4876
9535
3710
7545
9829
3454
5530
5131
3603
6048
2910
4153
4500
5223
559
1241
2244
7663
1827
2161
1625
2680
7735
579
2957
9313
6553
4480
1413
3917
3044
8766
2735
7515
5810
4754
8517
7036
5774
7317
269
2249
8791
8216
7858
652
603
9835
4493
5878
2915
6924
7474
1306
5246
5287
1121
9439
8392
5362
5939
9368
1804
5554
5957
9184
9038
4884
4383
7533
2507
7002
6264
8693
1230
7965
5658
8525
2996
8290
3986
4436
5431
5750
5691
1102
8815
9149
7110
5118
7188
4865
4550
5957
3269
7352
7956
7671
7025
1980
7282
5629
7334
3607
9688
5230
1145
7090
7042
5023
4749
6595
4830
4965
7348
8990
5570
1628
7989
2883
2080
6099
3084
8931
8541
7052
3257
8935
211
978
5054
924
5833
3966
5171
4954
339
4538
2281
9668
9251
5062
4313
2774
367
29
7044
9592
2755
3117
3291
2531
7873
1330
616
966
2708
3786
9496
5345
238
4726
3195
1577
8213
5196
5194
1731
3315
5491
9967
4936
4051
974
8151
7969
2410
7119
7688
8496
1278
5783
8414
5167
1869
3577
8722
7858
3012
4988
9451
8226
2075
7402
1937
5436
5448
2541
4287
4452
5121
9025
2378
4569
6641
3691
9811
4035
2964
5149
4124
2542
8105
1621
4918
7113
4343
6541
3253
8511
6748
9616
648
4661
9255
8096
326
4782
7202
2852
2988
2924
2265
6514
4294
2452
7076
6428
1499
3621
8460
3450
2257
4864
172
8723
9430
4650
8319
4483
1983
4862
5206
1683
3490
8514
288
6752
6598
4328
70
2158
3937
8206
2370
632
3358
6959
4177
861
8149
2763
6483
3265
938
7792
3931
8075
3340
7232
1917
4335
2118
5415
8844
7698
6584
4265
6640
6910
1313
5373
8367
3732
2822
7075
7772
8727
8841
5728
1952
5809
3997
5968
4997
1740
6347
8256
7385
2870
4997
3198
3214
326
303
1258
4947
6589
4564
3348
3206
949
2993
2450
7423
8640
1829
8987
1625
8687
2895
2930
8506
8418
1653
3807
4077
8423
8879
5682
4634
315
4410
7986
7595
1097
5139
4595
7798
2140
8408
2988
1297
7831
6254
2479
9370
8802
5587
5539
6507
7311
4317
9056
7466
7843
3672
2996
134
4254
2530
2394
2914
5932
440
4846
7603
9324
2186
9766
1342
7920
8267
7542
4110
3348
2440
6413
1432
2547
9614
2435
5518
1180
4808
3181
1887
1425
6628
8991
2650
3060
6779
6514
2140
371
501
8050
5298
3831
1475
6779
4352
4715
8782
2335
4714
2863
2762
3394
6721
2671
1270
3947
5889
21
7734
7747
674
3378
7685
1070
3399
5550
974
7364
6944
8711
2756
8610
7107
4217
7519
7327
8094
460
6908
9996
6522
6555
3927
7399
7526
6990
3196
9877
5082
2579
9381
5833
7499
5969
3671
9925
8178
5812
1217
3363
1215
2272
816
2485
1179
7968
1820
3322
6497
2673
2237
9301
6274
7163
6279
6391
1101
1403
9269
5022
9396
4988
2721
937
2212
3196
2649
7746
1040
299
9749
2433
5147
2919
933
1300
7239
80
7884
7914
8813
3383
9821
6505
9515
234
4427
3971
7960
5441
3045
1136
5069
1638
3667
9245
4761
6975
7987
815
1015
9331
6835
4893
4772
9866
1702
5553
8937
5178
8723
9018
4790
6561
5491
9183
8570
6859
386
3529
2665
331
8705
1391
1881
8542
9837
4408
1607
5820
4936
4586
1345
1087
5147
8862
4007
8987
6256
332
8709
2135
6871
5342
2330
8056
3682
2570
3028
8925
9208
4891
7121
9547
4508
7343
9258
9210
1808
4820
4639
6021
9696
1279
1208
8097
6650
8163
9188
4624
6964
3527
5125
1188
6892
4909
7664
8024
7754
8392
2716
6856
7117
3473
6362
1868
8733
8394
4878
3015
6881
3392
2592
5332
993
9967
9950
6238
1987
2718
6122
3885
2627
6541
2744
3563
390
6085
8009
5860
2817
6212
3178
9855
2147
1928
6846
6939
8126
3752
5771
6063
5340
9824
4960
9148
4149
9161
3811
6227
2365
1449
9615
3460
8177
7505
4468
3588
3516
1103
6741
7628
1047
7264
3657
8652
7272
4299
7242
3322
8853
6899
1924
4561
9209
5387
8416
9186
7655
1898
5154
7617
3936
7682
5524
8923
6871
6991
6395
3317
6982
2087
1058
5997
9517
788
7571
747
6045
2670
1727
9053
9942
2550
2383
689
3514
193
5724
4671
2241
3335
4195
5291
4685
7046
5292
6541
4994
6224
5173
9647
8568
9581
2146
2667
510
2874
5489
8151
728
6314
5771
4703
9230
6118
3861
965
42
2973
7158
6014
2452
829
3229
8451
3813
7870
2990
7575
9050
7793
7852
3936
8134
3571
7844
3305
4350
7796
615
7637
2933
3343
4432
8932
1814
5673
1836
7118
3602
3350
4416
995
718
6529
3361
2122
3624
4089
4858
5096
5465
8868
4239
4125
5127
7014
7815
4976
4717
1850
6762
3474
6753
4861
3144
6543
996
6411
4157
9455
781
6618
7039
3446
3928
2464
3733
1136
3908
638
1349
3284
2779
6910
1754
9355
8592
1858
1205
6071
6474
9694
8833
2683
4394
1614
1011
9045
1731
7613
7149
2730
1210
1015
1323
4428
2498
8128
3254
6632
8824
1359
1665
9236
6347
7886
2776
7086
9682
7573
6813
8743
5987
3183
5799
2772
4316
3138
6595
7703
6572
2107
4214
4515
1318
7496
1737
5918
1950
573
4826
5049
6289
9397
803
7276
5534
6977
4505
2718
6668
2172
5759
3839
3948
2709
6177
1982
1864
9412
6211
9099
4121
8236
6936
6068
595
2016
4839
6987
6977
6992
2075
9620
9861
102
9090
5757
3414
1800
1310
1709
2450
5741
6645
8326
698
1039
6007
2036
2403
5006
4713
3187
9973
4313
8683
5700
350
296
5694
2486
8022
9809
8577
4366
3121
6428
4232
6374
8967
8109
9585
4193
4561
6460
3223
5230
4047
9652
9336
3377
6955
5735
8789
3849
165
5591
712
4649
4973
5106
6784
4220
345
4267
9590
589
6562
6835
5848
5963
1774
8020
5101
2101
7685
9130
4564
6060
9599
7576
1189
2916
328
7805
2752
1955
7125
3723
773
5446
5691
6036
9433
4637
5597
8514
6280
5868
6972
5690
2513
812
9218
714
2861
8781
8661
6198
7719
5747
3572
2728
3054
4274
1760
9465
6825
913
8114
8725
4210
2781
6833
1773
7713
3008
5894
6195
2450
5554
9317
6164
1302
3468
6178
5657
9453
1112
3995
1285
2890
71
8121
5751
856
527
8044
5161
7943
4735
6177
3438
7567
6881
4584
4875
4869
4106
388
1535
3767
6759
1130
5636
9827
2042
7227
8307
7902
4130
9869
5208
1091
5593
9162
6350
5438
9450
9171
2181
3032
8583
3592
493
4690
9369
8250
9050
2229
9389
4338
6931
9495
4858
9390
3591
780
2016
1333
8332
5027
8142
4650
4506
4319
2089
6691
2135
5540
1263
6457
9807
4809
1836
7812
1773
5333
1641
4013
8926
623
682
683
3037
6718
2475
9912
2024
8974
551
9048
320
1290
8349
3902
2468
8216
7480
7610
9952
3274
8872
3187
968
69
3638
9918
373
6256
5731
1196
2332
4297
6359
4117
1353
7073
984
9231
8334
883
3292
2216
6992
3154
6960
7895
2655
7236
5264
1046
9726
2107
614
7739
6387
476
961
5561
5069
4836
7681
1018
5069
7332
24
7656
9314
5975
4497
8982
730
6685
3674
6160
4917
7932
7817
1613
4926
2314
4445
6174
798
7337
5502
9230
1234
5856
9156
8414
7275
5164
3412
7857
8187
2556
1694
1716
7875
4348
6365
2790
6130
4802
4731
4386
2722
1146
3511
7266
3967
1027
1971
2542
761
9070
970
5640
4274
9986
5016
6114
510
6653
7088
3005
7760
2962
1476
5680
1601
2853
8165
5655
561
8937
3402
5778
1807
6375
5001
9298
312
265
7658
2888
6800
7703
3115
4455
9519
8885
2327
8716
2358
5138
1993
937
7165
5628
5756
1974
1257
8617
1200
5832
2057
7625
7336
4296
9557
7611
3732
1899
3869
1392
1628
8468
9528
1899
9443
5797
379
1608
9928
9634
8933
6482
3892
8060
1851
8124
5874
2639
8890
4457
488
9219
6064
6261
4200
1170
5053
4115
6261
9011
9949
7918
4238
6874
9326
9066
4110
8063
6310
3532
2267
9091
1839
2679
6906
3979
6618
7436
9310
8399
5422
617
1263
6242
3339
1654
3485
9604
7291
7764
1364
6843
7787
5660
8509
2359
5179
8337
5672
6055
1967
2152
2454
67
7638
457
1878
5258
5393
1380
3362
241
737
8988
7961
1240
346
9058
814
1966
5888
2912
9669
8877
1569
5408
5064
8658
6015
6045
7321
1617
8853
5368
7826
6746
9807
2381
7246
1674
3503
2514
1332
3478
6267
9843
5719
4346
2162
1717
4747
9490
4298
8738
5763
3376
3959
8095
9552
4309
4543
3708
9639
6771
9468
2281
7994
5460
3205
459
2404
4982
2455
4561
1204
4331
80
1061
4370
5877
7877
2909
6089
4472
5525
4102
2819
3400
2121
2461
2587
480
3589
8500
5832
9348
3963
6478
5406
8141
1035
2242
3582
172
7204
1319
6827
8991
4471
9857
4934
3217
8488
479
9695
4964
335
4898
9712
9311
6249
5216
2175
1283
4937
6234
9482
1129
9287
1825
8402
8265
4305
9430
2207
9230
5936
8080
1597
5201
6047
7013
8614
199
7309
3889
8777
1979
7971
3909
638
3783
588
3712
8647
6606
664
6841
4786
8473
839
763
6770
9302
3793
8974
5773
7398
2338
5543
4637
6322
8316
3601
8289
8992
2864
3753
1714
9181
9361
3157
7237
9315
6961
1105
2089
7428
6980
2346
9305
5456
6619
5091
9803
5660
4509
6683
1216
1930
375
6237
9481
7908
6773
219
2509
4487
4289
3881
1353
5083
2839
8758
3204
8235
796
4020
2277
3644
564
7347
9202
9504
3877
9263
6856
6135
2660
3322
776
3359
1567
3428
5254
6775
6491
8712
1990
1181
9236
5817
6820
7750
2347
8280
1416
5217
9648
2720
1107
4387
7404
1995
6993
9529
8264
6177
401
9857
5107
3219
370
9251
4764
2542
354
2578
2208
6404
8605
2560
4267
5885
7824
1989
8160
588
3549
2284
4228
3771
7524
851
4133
7471
1784
6563
5481
5464
1587
4737
1337
5368
461
465
8418
5076
8635
1881
911
2829
6883
2983
7761
4723
1466
9053
89
8206
2194
6323
1926
5208
4959
1612
1868
3966
2023
6893
5433
4283
8294
8414
7915
7034
9426
9917
5363
5019
8085
4727
6931
8954
7999
2074
5311
9332
1543
8830
3198
2163
5482
9091
2837
4201
1256
451
2548
1157
735
7695
8876
609
5688
1705
5458
9852
9425
3833
87
7763
2012
3715
9524
8912
6268
1596
7622
7611
359
4551
6019
9353
4195
9728
8287
7220
1106
6675
7771
1190
3276
5169
6567
9026
9284
4550
8090
8436
4772
5517
8509
1522
2723
5569
2965
4229
8144
4844
919
5400
3025
9976
1260
2385
1393
9763
1857
2702
977
7942
131
4152
7569
5175
918
9016
495
4458
5406
1477
2801
1604
255
1249
7706
5210
9130
551
3707
8528
9837
6020
4272
9100
9020
1936
4530
627
2911
6217
6548
5581
7061
6056
6852
6368
144
5752
4694
7456
6940
5354
7238
823
3432
5049
8313
2329
2587
6876
663
7154
2832
2318
7753
8346
2506
1606
72
3662
2617
8136
2639
2414
7163
9317
4923
5829
4913
3386
1768
1537
9122
228
4071
5256
1903
3097
940
461
8185
7278
838
9914
74
1203
7853
1264
6238
5274
617
2630
2479
3791
5642
3081
9052
5727
3880
7205
7497
845
9175
2607
4743
8654
9915
4096
5064
9051
708
8555
1140
5141
9166
68
3849
689
3995
5725
6769
6945
4517
8723
5354
6148
8454
6859
2692
1939
4371
1339
3423
116
7503
2930
4918
6679
2884
9912
120
3975
7649
5047
9622
9881
5190
6827
1461
9437
7443
3623
5893
3109
7990
8073
8985
969
7909
2985
3233
7445
8332
9409
5622
7044
8523
2077
3549
7449
5959
7402
6855
2747
5380
4433
9847
6182
7054
9742
632
8794
615
3070
6360
7592
9747
1761
2021
4479
4707
8481
7351
5049
4236
8560
1081
4614
5748
374
4290
7309
2860
4658
4917
2980
2294
6339
3659
5716
7995
5586
7401
7336
8884
3093
91
8912
8108
8329
2547
3532
5850
8473
2083
3852
4834
38
9993
8753
7489
4849
4
4411
6410
6923
3582
6435
5233
7097
8623
1381
5338
7740
6527
7908
4888
829
8885
130
620
8787
9106
8278
9569
9014
6168
4726
7401
9830
7405
6609
2412
7675
4733
9813
9408
2853
4041
2941
5675
3813
611
4020
1995
8076
4385
7166
5333
1229
7640
1202
6175
4125
4225
7325
2758
2408
3882
8296
6480
1790
7372
7354
7592
7126
8154
1086
7999
3273
4165
6806
8415
942
8889
1657
451
1344
4371
7614
306
9248
56
3838
9635
5320
441
5413
908
5030
1378
5416
9124
3284
9605
5465
9076
1016
2549
8416
7539
2440
5787
5738
2743
9361
3705
1222
9263
2054
4800
2153
5075
4547
6859
8851
8945
5850
8826
3570
531
7650
5523
149
2643
3315
8625
6521
4932
2651
2261
3206
967
1804
4475
2255
6132
7939
6380
2779
2055
3865
9307
1113
4399
8687
6504
6012
4755
6698
12
1786
4102
8253
5236
5243
4848
3166
5405
5492
811
9272
5662
9183
9675
6263
1808
7610
414
7608
1891
6256
9010
1465
9747
1800
9335
4830
8393
6403
2539
3868
7720
4175
7481
7365
5327
114
6791
9528
1531
7530
8002
3008
9614
5998
6872
2926
152
8196
462
7941
3963
675
862
4960
1596
536
6541
9932
8588
7272
7214
8391
4779
6644
9853
5872
2831
1319
8015
141
5846
1261
3987
4320
6431
5333
3462
2372
9933
4471
5376
6219
2655
5877
5397
6755
1850
7197
89
9444
8023
9385
257
8835
1656
7054
6152
5342
5852
5541
4293
1923
3599
4573
5501
7946
3344
9501
6404
2413
9414
2369
2162
9005
4447
6751
6440
941
9428
2259
5766
4506
3216
6878
9329
6316
7480
7891
1999
851
4896
5060
7878
1610
8103
2912
4085
1354
4462
2553
9587
4345
6972
7220
1910
6216
4830
9967
5352
5179
8070
6334
7881
1647
9481
9615
390
2005
3567
1431
1128
6301
6710
5738
239
8884
4876
69
4146
5684
5235
3878
7196
1719
5870
160
8484
7695
3393
3198
5026
5087
1738
2215
8577
4982
6646
8038
2318
7144
9448
7404
5323
2246
621
7495
7314
2017
8298
1473
3510
9197
9418
4308
9584
1592
1535
7055
9696
2287
1411
6853
6378
1120
2517
9414
9631
906
7261
522
4031
5548
1390
3160
6847
6211
7374
7286
7248
5998
759
9979
6484
3225
8535
4723
1638
8292
1332
9908
990
9403
1933
8304
7343
7959
1015
1204
6765
5296
7310
3226
4103
8620
3425
6339
3372
5515
467
4582
637
3169
4310
4166
9406
614
3837
7154
3652
9673
6841
785
1626
3100
2367
8616
4368
6396
9262
4163
6449
3206
9430
2452
2889
2859
874
32
5414
2595
9995
9348
3278
6365
4813
9118
8706
6672
771
8383
4690
5881
8629
8220
3358
8652
9574
1773
6407
7713
6115
209
5212
1062
8618
9491
7134
9869
6371
451
6262
2828
8979
2520
1408
4542
8591
9724
1464
2620
5938
6051
8464
608
3531
6141
1620
1618
7450
6408
1416
574
5151
1146
1447
1364
446
7984
7102
8871
8392
7091
4413
4850
2213
8984
9448
915
1579
6463
8460
1534
6560
7260
1693
4855
4420
5281
9202
9419
7018
30
5344
407
5075
5704
9715
9879
1774
3769
6191
1711
2276
5400
8499
3384
7594
3056
249
3595
974
3701
9738
6799
2439
9676
4981
3189
2483
7093
2436
5408
9013
5757
3631
1287
2615
9079
7553
5341
3964
7241
3050
370
3756
1943
4721
4556
9968
6461
7839
8719
9387
474
2658
3047
423
5132
6181
2509
2002
170
9878
5441
8971
1539
5200
322
7926
4973
4786
1647
8589
8199
6202
6975
4979
2068
6782
3721
7460
8807
2659
6087
1490
3786
2457
9612
1367
5734
6265
3296
7621
9157
3484
6952
4819
1889
8950
4538
2486
139
5323
2554
5651
3204
1163
6305
3031
72
8317
5786
316
568
9314
7298
3170
4398
5298
6477
9595
2462
7695
3382
4129
6170
2300
526
6957
2111
2753
265
9502
1417
1475
8879
4291
5432
58
807
970
1869
7824
8029
2242
8563
6818
6383
3177
5116
3836
2714
4868
6274
5290
4205
8729
4711
8636
3966
853
5031
4946
5019
6806
5279
752
8191
6001
7024
3741
8100
1342
152
6098
5424
4238
3930
1330
2940
7275
1586
5268
7440
6840
1709
9595
9568
5819
6082
6752
8871
2126
220
8327
1890
2257
9867
5177
7014
341
3944
6418
989
2213
2063
6160
8463
940
2608
1408
7771
4894
5584
1891
3259
2025
2995
2754
6903
4263
8305
4040
9706
4137
5730
6647
6424
1642
9538
3088
5520
3145
3331
2760
9970
5691
9357
5690
3475
9454
8314
5747
1012
8277
806
4161
2211
3261
2644
6873
1026
7170
7535
4701
5373
8074
2315
3605
6007
9074
1900
3446
4729
7241
3351
7527
8245
8953
1068
1959
5453
698
8024
3423
2772
4135
1158
6247
4220
1668
2565
4895
400
4166
1976
5933
3285
5542
164
4344
1754
9896
7357
2644
6204
5661
5553
7685
9228
7768
8675
9259
3374
3236
9949
6641
6268
7791
1552
4090
8039
1116
7660
3964
5894
6171
8301
6607
5937
3649
8129
9440
2891
6079
1148
3808
4250
7353
9719
7027
6558
2527
3770
8838
8021
9619
4012
5978
3455
9838
1190
5957
4699
5185
1931
1300
2043
2676
561
8453
9981
2598
5453
1404
3639
4122
7888
8610
611
5394
1223
3289
6605
6763
8222
1328
2305
5219
4832
8122
3167
5283
9361
5500
3455
6627
7084
2561
805
1515
1608
9739
7794
5768
5998
3668
2601
5454
8612
1570
1668
7704
878
7771
3481
8181
6842
1677
4089
9573
7198
6125
1746
5200
3728
7309
236
9334
3630
2719
7825
1143
7006
1452
1554
2309
4974
2084
4645
9333
310
6867
8132
259
7294
7456
6554
2180
2552
6584
1509
215
4047
2139
6183
883
1122
4974
8589
2795
4492
9424
1192
5410
1449
5984
9811
2226
8167
8919
5289
8247
7974
7640
7247
2803
1732
9631
449
7880
4049
4427
795
9017
6947
2665
9745
490
829
1639
3128
9062
1104
8877
2701
837
7680
8308
6558
3966
3670
9344
7587
5816
9136
7798
7485
7061
5453
9003
7569
6648
5971
7695
6597
1025
9072
6297
117
8200
388
3057
5481
2210
2020
4195
1608
6393
7899
9663
2804
4509
6107
433
1512
7189
911
6330
5741
7453
9575
7318
3093
3121
1564
7923
4804
5799
680
3961
33
5859
3874
3149
2737
307
4012
6286
898
5767
7689
3736
648
1955
3365
2656
5842
1946
9533
4102
7035
4306
7428
5484
2494
8734
7849
3119
7865
1250
7094
1668
412
7132
2694
2058
8392
9867
5677
7212
6035
2145
2424
5340
9850
611
5823
3871
2545
9501
2404
3176
6704
9564
9402
8186
1548
7745
3283
7700
2618
9978
9179
5749
5991
4155
8876
6711
5801
2820
3540
6061
6230
5485
6188
1603
6901
8577
8077
5820
3663
6997
2628
8605
5103
5009
306
1007
8839
5757
7932
4920
603
8107
6320
605
3461
6680
861
3868
4119
5974
656
7316
8195
2296
3194
5639
6599
7839
3172
3125
695
9712
6055
2748
4801
2963
9220
50
773
749
6131
1803
893
6630
1905
8950
2105
3733
1795
5686
6752
2974
7717
1726
2407
7906
1693
2739
6121
6853
9329
4776
6488
3954
823
2071
279
9512
1845
4049
9087
6597
1656
6576
5410
5239
1294
4552
6926
7757
318
7771
2305
8769
6649
9671
1866
1246
397
9050
1590
5633
9172
8134
9613
2466
9397
6460
126
209
5362
8997
858
9101
5383
8600
6751
8667
2309
7484
4286
1270
3854
9736
8026
6573
6725
7033
3352
2117
7391
2753
7155
3341
1461
5415
1256
2324
3110
1021
1736
8294
5782
5261
1013
4511
5458
798
8506
5526
8203
1860
42
6007
4405
8257
5754
7329
3158
3568
1191
973
1551
7748
6558
8373
5315
2694
4603
5339
9205
389
8508
5403
7801
7201
7338
550
9966
4593
8087
9644
3144
6084
177
4576
6842
2632
371
1670
8213
3770
3510
1189
6458
9837
7208
948
6945
1391
6719
955
378
5536
9539
4784
7151
5288
7989
9943
2090
7334
2044
3902
193
5595
3938
4610
9694
2834
743
4385
4806
245
996
3844
6816
5402
6751
8194
8879
2272
2940
1651
6813
3078
1826
7005
5458
729
1504
6439
7783
2233
3889
6573
1779
8106
9469
5409
8438
71
3169
1378
2609
9577
8160
4991
7367
2589
2148
1740
1695
1937
3752
840
729
7079
4961
8172
7592
2577
9306
3340
5930
790
4422
162
2682
1353
1945
7100
1295
9841
7331
9133
6654
697
7095
5433
4307
4988
1240
7798
8244
1819
4180
3274
3420
3359
8326
640
1520
7360
719
4520
1016
7732
4546
2739
5508
3340
4210
2281
7515
7487
4738
6679
8433
5755
3732
3002
9202
7818
6826
9757
381
9674
5668
7936
4793
6301
793
6225
664
1191
476
7959
8294
8437
597
1780
8671
5076
9909
176
8173
6259
9677
48
9508
3485
6607
7329
5405
6603
3233
3267
8197
3580
470
3450
5411
8156
2924
1918
8749
4394
8727
1761
1445
8873
2160
506
6868
5826
9122
3280
9456
7863
2654
9241
7607
5080
8114
7124
6970
8359
5387
3826
1742
8425
8529
5973
1034
854
1660
8096
7159
8621
3553
2684
2751
8024
2396
6718
4059
855
6502
6513
8457
5526
6348
7693
5235
2555
8270
9948
72
5273
386
6873
5254
4908
6865
9602
9661
305
7527
9239
4793
6468
5969
7164
5756
2826
862
4137
8945
1668
1909
8873
1465
9544
4055
4229
772
9618
969
4492
6916
886
1576
371
3894
1028
1459
9268
1068
3208
4329
7138
414
3599
7441
4838
434
5595
8831
6239
2950
8754
3540
7578
4756
5347
635
7536
2077
5043
2749
5349
2161
8773
5118
9896
2966
6079
1638
6143
8852
6361
1343
6612
7505
3363
9891
4575
855
3959
7121
2599
693
6838
3571
4725
7882
4050
5960
3117
2594
8534
4044
292
1831
3725
9062
6227
9650
7146
6958
5536
4972
8460
8023
3716
1622
3912
8208
2994
5351
3293
6408
7720
2972
2614
6288
6437
9467
5510
861
2760
9957
9095
2952
46
4732
5432
4920
5430
7231
8099
6593
7295
6786
4414
1192
6462
248
7821
5260
5497
9183
1649
58
2381
2240
4999
8721
4510
5493
3887
5578
6499
7086
5904
1486
567
6369
4664
1739
1451
1826
1084
1213
8705
6599
2145
4738
8021
5145
4210
9399
9788
9702
7183
9442
7465
586
7869
3779
572
93
5694
701
7076
5799
1675
4341
7815
5360
1951
2671
1200
1613
521
7376
9894
3696
1900
1817
2446
7211
3357
4476
1902
4024
8096
1761
305
208
5310
5888
2723
8843
360
623
6905
2910
8531
150
5033
2355
8767
4046
2139
8558
9596
4408
1726
8890
8053
9547
2880
3830
3823
2346
4730
9187
5056
368
3516
6398
9358
9122
4693
4551
3284
9484
7535
8836
6376
5244
2516
1450
1211
6946
2372
2647
9256
3790
6208
1559
3415
6204
2267
8724
2068
7882
9044
4822
6137
7591
6337
3017
243
7839
7490
5550
1389
9623
1612
8697
3757
9915
9892
4103
6188
1276
3232
8610
9702
1042
9387
9186
6038
921
6570
4314
4572
6483
7021
8318
4246
55
8467
475
9136
9817
3549
6487
1183
2517
7341
5923
1239
7171
896
5550
90
2335
4368
5155
4385
108
6750
9405
8524
5885
480
6565
2451
4081
8271
2489
7056
6502
6403
6206
3392
1886
3385
1616
9314
2236
5454
8356
7272
3998
643
3722
9980
9891
1333
6691
6498
238
1125
4539
9831
1035
5630
2345
8581
9658
8361
5737
9439
8117
2276
7652
4291
8066
4741
587
5626
1386
8665
6852
6559
5121
5407
662
7272
9751
5675
7560
7973
5380
3084
8638
9577
1257
1311
9276
7212
245
9839
4722
8396
1348
5195
7738
7287
200
4240
6739
8716
9560
3639
6388
929
9261
4895
6436
3911
7832
7520
8764
971
6056
3839
7027
4853
6084
7677
8089
6090
8444
5763
9524
490
3228
5077
2850
4750
1088
1535
7890
3990
4280
5453
9661
2701
7898
7019
5555
1060
6740
662
7195
1879
3753
646
8340
9522
1892
1466
7476
1076
2428
5722
1312
1775
9197
8991
3317
1209
124
5959
9627
4223
4448
4559
3197
557
6527
5178
5889
275
4834
153
7362
7806
7804
4701
9066
6030
6596
4211
1445
3266
8455
4366
2510
232
3429
9992
6386
1098
1429
5674
1101
2609
6293
6245
5949
7909
8423
8029
80
7191
7801
2388
5619
5572
4777
1548
588
9712
6849
2947
9171
8607
5879
2427
9459
696
1647
8463
1701
8998
4485
9326
3311
8325
1818
2601
405
3771
894
1761
9463
7703
2734
7694
6896
3206
355
3971
8722
5600
7741
3433
7354
19
4655
248
7589
2290
6449
5947
9284
2385
7274
191
9903
4583
9745
6980
6187
6125
4047
4874
477
6646
4693
5417
3926
3939
3724
7399
5763
7725
4990
5859
5068
2014
5354
3805
9082
8358
5131
1490
10
6869
1906
2826
455
9188
8966
962
6161
7790
2044
5455
3587
8979
5789
1513
8972
2699
4455
7806
5022
930
9646
3059
1117
7811
1670
3235
3035
8893
9
479
8590
3942
2761
2220
6271
7594
4488
3816
5032
4794
6862
949
4693
3463
6748
8631
8060
5103
1893
2110
7868
5171
5286
1227
3887
8964
5430
3862
8133
5472
1238
5974
9044
1221
7119
5447
8670
8463
5880
4462
457
7242
4556
436
9052
8849
987
8705
7701
8953
7037
1076
3270
2327
7710
3127
3703
7471
4104
9719
7808
8686
2140
2553
2684
5192
8296
5812
9781
1718
8223
5937
6639
2683
4015
9410
7690
2551
1185
8040
4126
8230
6928
4712
9836
5506
7138
3807
7676
400
816
9577
7910
8073
7020
2646
8591
6454
1278
9503
5827
9102
5552
2354
438
1981
8223
7049
6322
1835
8357
4900
5011
9587
1534
175
356
851
2909
8812
7063
7004
6850
5467
6871
4545
1493
5374
6593
7464
859
4742
2925
7235
6810
8368
9971
7687
8019
5995
6763
7498
3422
9597
3705
1346
3131
2165
8843
1847
680
4898
7118
8346
6666
3708
8369
5328
5304
7884
2743
2779
2271
3437
5369
3168
4289
1137
5717
4900
8358
4626
848
49
1282
7077
5962
4986
8191
5833
72
6126
2118
3242
9444
9409
5402
8431
6500
1386
7653
9195
7299
1802
4323
5328
6425
2444
4581
4786
4117
4647
7067
1833
6846
8391
7388
2009
9164
9145
1768
2173
1622
4778
7101
5157
6849
3725
8892
7608
3436
7355
5011
6524
5204
4028
5033
4641
1622
9649
2026
7370
3683
9742
6110
4296
8378
1003
6816
6374
4055
6109
4378
5930
8419
4154
8414
304
698
486
6167
1569
9598
3978
1449
4135
9060
6783
9762
9237
4541
1475
4655
336
3597
3161
5343
6257
5830
9621
5836
9551
8967
808
1389
5994
9774
173
8949
7406
767
4168
4474
4037
6319
3031
1459
4670
4609
5473
1855
2264
5110
2270
2641
485
4819
8911
8777
1797
271
5422
5990
905
6549
2307
4902
8306
8927
5128
1398
7461
7598
6651
6778
5648
1009
4760
5272
2991
8713
6324
5767
6304
390
2101
9245
4438
3683
5396
3336
9613
9871
7701
656
4876
2994
7807
8137
1255
5083
6996
451
9452
7348
1831
1777
9976
4823
7807
6684
2512
9831
1632
2704
27
7867
7305
4264
5596
8010
1288
118
291
8811
5057
4128
8566
9770
9131
2319
3577
7961
1241
7498
8564
9149
2749
6407
2061
2826
1647
3379
4045
996
7499
8755
7338
1249
3551
9976
3605
5705
3897
8153
6080
8706
9074
3185
1830
7845
1725
6061
4762
4825
5124
7820
6894
4955
1202
859
9435
6660
1517
9747
7132
5295
4084
5527
9032
8749
1390
9591
6316
5861
41
664
3173
2517
499
1162
9856
4422
6148
7248
7945
36
4505
289
6664
1900
9866
6079
5642
9707
5847
2213
3884
3850
8346
3283
6940
3879
4320
8195
4250
2365
9409
3827
6477
965
7930
4523
8263
2160
2066
7426
5314
7084
3153
9568
5935
7150
6916
3786
6269
4761
6195
7050
5321
6292
9284
6571
581
8744
9336
6198
7564
1
438
8031
6889
1455
8990
1937
682
907
4749
8683
6008
3132
4555
802
6822
5256
3142
8979
7471
4187
9673
712
207
3742
5687
2364
6312
9828
9987
5282
5505
3052
8677
1636
1074
9482
4014
5844
8844
1927
4063
3032
6517
6060
6216
6823
6200
8010
1570
4945
6993
2592
3884
2646
6390
4289
6372
690
8980
6288
1939
6850
8383
6404
7660
7235
3740
2555
2232
6532
5173
4628
5966
4303
3581
4002
6470
7838
8926
6795
9581
771
7696
1989
4352
623
4640
969
2933
7772
6071
747
1023
2968
2027
9151
2271
411
2411
6608
444
8707
7868
5794
6500
2519
9593
7387
3788
3636
3544
7439
3530
1354
3586
9464
4452
8553
4984
2244
4984
1660
4359
2579
3797
9817
4751
696
4614
1001
4705
4918
4207
567
8496
1308
8284
789
498
3485
8580
8278
502
7573
5866
9908
8337
7339
7844
6813
5547
4978
7903
363
9060
3706
603
3640
6815
9358
2387
6850
8106
9523
1516
5372
2075
386
9514
4684
6194
3442
7506
7297
2864
6478
4749
2977
6314
5844
3401
5065
3890
9918
3072
2489
5480
6884
1120
9185
2390
3472
9744
77
2243
5132
8984
5517
9665
2301
5451
4132
3432
1824
279
7398
9523
7444
6172
7942
6104
8276
2646
7581
845
9671
630
379
3165
6499
2422
659
4020
4993
669
5830
3665
5550
525
9107
3457
5614
2417
7794
1217
8658
8976
8647
914
2618
8577
3034
6535
8671
9679
1066
6855
9184
4708
5736
2552
1855
9539
5168
9583
5602
4844
3548
3113
2584
8533
9025
4357
9902
4291
9951
8706
3972
9841
9180
7227
366
9976
9840
5206
1967
3613
4975
813
8722
1180
7767
4120
2964
8506
8671
1759
5308
6016
721
5301
7467
7570
4507
2077
9986
1501
9893
5613
4836
7591
2389
9118
5115
7571
8317
9512
6668
3498
4343
1397
9346
7902
3814
40
8841
1925
4421
9986
3551
2871
9147
1185
4771
538
5214
7720
2663
2518
3798
5103
4906
2227
6627
925
9718
9871
4296
167
15
5764
5099
908
890
7460
2490
8326
8290
7022
3919
4928
2805
2396
3695
2743
8820
7370
7803
8872
5926
7854
9121
9200
6460
8337
7401
6379
300
1313
9498
7232
5650
4141
1896
1613
2445
2412
9312
9484
3200
6198
354
5435
4685
5756
3565
249
2612
6207
4999
7187
704
6549
1477
6680
4944
6904
2072
6817
3612
9380
4041
8636
3779
2099
8427
4576
5330
3032
4838
5662
4333
94
4555
8011
8546
6658
6044
2048
9232
7080
7172
8476
5079
5172
4026
3477
6007
9611
7050
1895
6891
4219
1447
1209
3842
7775
252
999
8576
7556
5299
2303
9614
3140
3439
8768
2590
2220
2769
6832
5766
8090
6402
5292
1025
9313
9355
5580
5050
5651
7492
2801
204
763
6158
4199
9678
1409
118
6062
6903
4925
5740
2294
4926
1616
955
7897
7466
6345
8486
8414
9721
4094
3056
2024
3627
7574
3869
4436
9260
1030
9502
7969
1309
3350
3539
5305
7189
5268
5779
5257
1198
28
5644
2615
7396
4207
1532
6627
2377
5583
2309
3006
7937
7884
4859
2478
2819
8067
4671
4847
2153
376
4822
1289
3006
2839
2393
9195
4510
6088
325
3228
1494
1448
7079
3493
1193
5060
6028
6690
3683
7508
1483
8993
8008
3869
8468
9971
7603
7408
8947
5374
620
1245
8037
2823
2988
6230
9969
8537
4670
9997
4996
5109
2448
1706
5323
46
5809
9341
176
2280
6002
1578
7637
9206
2191
4254
3541
9912
2784
2208
5852
1235
4458
927
6266
2017
6200
8787
9470
7522
762
9949
4511
361
1320
4
2004
6442
6861
1292
5532
4522
5816
2515
5551
5703
3831
7726
9310
4899
8199
3070
897
9707
8421
5754
1362
3411
9687
8652
66
7891
3606
5659
4887
9109
8453
7469
733
2541
9374
4785
2920
8427
7572
6163
4411
7038
6269
636
3656
2297
439
1083
2827
8023
6754
2905
4608
4857
9950
3968
9400
7458
1921
6032
3760
985
246
4899
5240
3053
3575
6383
8383
2364
2290
7866
1572
8042
4260
674
4680
4333
7084
6815
3013
3779
240
4714
3918
8229
2802
2496
8602
1137
4980
4092
3211
6458
4641
3004
7
9181
3183
893
1627
15
8662
3333
8815
2093
7894
3058
4773
682
3429
1806
7334
7826
5734
5476
3528
2635
5716
3734
9796
4467
7789
4419
5086
679
9094
5156
3403
2778
6204
9425
6970
4842
6657
2007
1109
5897
9005
9213
7190
3553
1712
2565
559
9678
8210
752
6200
131
2683
3537
6109
9637
8743
3077
8819
9814
1057
2626
3322
2991
8215
9945
6789
7050
3626
2935
7868
6759
92
7949
5124
5279
2844
7064
3237
5408
5299
9181
7912
3934
1563
1237
4184
4014
9796
47
1752
9884
956
2331
5313
5419
8160
337
7468
3047
2902
3138
6714
2361
5732
9150
3274
8405
637
3729
1077
8049
4333
6780
5063
9137
3941
9261
9187
1162
9128
4158
1962
8103
7671
7081
3217
3756
6642
3955
7841
7410
4908
8477
9735
3035
6497
9949
1923
8274
8531
2937
6837
494
1880
3755
4165
5916
7477
5249
2318
4376
6308
519
3579
6716
6510
8319
2303
3945
6710
7684
147
7347
758
7027
2246
6542
5372
3414
3504
8116
8825
1008
4704
901
5793
3806
4040
5250
764
6676
819
2700
9965
451
4608
9337
9694
1367
4901
829
7150
2490
3470
9658
8359
4943
4046
5342
6668
9727
1676
6636
4403
6704
7185
585
9743
5933
523
7128
676
7968
487
9458
7946
3918
7256
9784
9330
3172
8536
7300
8282
6484
9689
201
1017
4828
3180
6377
7439
9866
2898
8103
2965
214
4484
4427
266
8746
3651
1266
2227
124
682
3273
9991
4458
749
3420
2891
2544
6566
5950
244
475
1928
5852
8542
6605
2200
3337
1399
1788
496
4935
3754
4659
6393
3767
6302
7267
7368
318
921
2833
1835
1601
2893
6617
6658
993
1197
2907
1313
3221
3786
6027
5497
8970
846
884
6920
1443
5337
9110
1239
2789
6784
78
6676
1810
1236
2239
1716
5588
7606
9094
5462
6746
8165
5877
6719
4967
8890
7542
9701
6054
3563
6014
1347
4361
4052
4834
7683
4721
8033
2290
4410
8149
4571
9925
9949
1524
7438
1933
7537
5245
5831
2336
6668
4397
2208
1093
3155
8367
7414
7325
1389
1043
3921
7680
2010
8734
9096
548
3112
5774
1675
2309
3381
8414
6358
64
1073
6041
3306
6456
3668
5036
1693
6036
9164
4642
8977
9419
1502
6111
495
980
9406
6082
7194
8193
50
2674
2826
5916
6379
8060
5774
6852
9679
4483
4846
261
7028
1555
2804
4552
6637
1495
6195
5837
2769
5502
5142
3743
5925
8852
2117
7816
3285
4519
4490
2705
9011
5096
1614
7990
3956
667
3580
8993
9565
5846
5424
8182
1310
2726
7507
2915
2865
7662
101
4170
3426
8952
7762
2617
7047
9316
7003
2975
4700
1800
8985
4902
6863
215
7453
8859
6883
5588
999
8372
3103
8173
7891
5881
804
579
1140
7993
3357
1289
1285
7371
5708
9447
4444
2689
2267
1137
3590
5176
5599
4626
1712
69
1948
7003
6561
4013
4520
7499
8008
4879
5733
3398
694
8799
5178
2903
6619
294
904
5561
4586
5302
7830
4949
6014
3637
8581
196
9511
6956
8838
2603
9853
640
1429
1156
488
3212
812
6028
2571
4835
2341
2308
7647
7259
8763
7154
5589
1193
9779
2300
4165
3467
9158
451
1679
5597
7911
8459
9573
7417
1318
2385
7531
4258
2236
9554
9717
3861
3049
538
7057
9674
3835
9634
7166
455
4938
5853
473
2240
7932
7685
8352
7634
218
4002
6697
9097
4920
317
6233
7472
9619
4335
9100
4331
4517
7226
9767
6872
3121
7397
7152
7126
6216
1635
3997
2950
3016
4487
9004
6966
1692
461
7007
955
5205
5234
2539
7487
7338
1421
2579
7584
8134
1666
4935
3088
7580
6812
9799
5038
1282
9756
3280
4895
2148
6188
3439
3670
7628
1911
1273
5187
2959
2654
1367
3580
6997
6385
9559
1872
8782
20
7808
8014
9703
2097
9726
7136
8341
527
3717
3900
2409
9824
4515
6845
5032
5375
8081
7396
611
3246
9264
9815
8905
2781
6404
4783
4661
5828
2155
8544
4081
801
5203
1563
8752
2003
3265
5518
2277
4621
3773
5116
4762
3641
4998
1678
5582
571
7022
8761
5385
5281
8901
6161
4169
1569
5675
7574
3462
4093
6441
8911
7098
1225
2616
8817
6922
3063
3741
267
6865
6345
6668
2331
1240
8359
2855
4118
888
33
7606
8742
3845
4373
4585
3746
5558
158
8680
5825
7377
2393
408
1934
1048
367
5439
5892
1208
1410
3527
9464
7537
3412
2161
9547
3147
2011
1610
8591
5999
8988
9648
3654
5746
6846
6236
601
9237
824
709
3884
4100
3651
6593
9050
1328
250
2090
4678
4590
9287
7474
2795
6122
5962
4166
1989
6448
5789
4105
5409
7986
2217
2161
6646
580
1896
8834
81
435
187
5202
8697
2555
6024
7244
1613
829
9688
1987
5581
9174
9189
3703
9609
1793
1021
4362
9478
528
8822
8910
9448
2520
9147
2588
1694
1970
6984
4460
165
5635
4922
8600
4427
2905
8930
1985
820
7770
619
6027
2770
1819
521
6892
9469
4520
9469
8288
2297
9454
5448
9245
1332
2944
1440
8527
94
4549
5743
6839
5268
7277
9976
7697
9570
9061
1570
7986
143
6010
6946
9568
1918
2278
8744
4069
5216
1010
5500
3957
9563
5734
4988
4393
1117
1842
3075
1962
9459
3346
8376
8376
545
950
9280
9496
6578
3693
3957
2622
264
7876
5875
7902
449
3830
7026
2905
8521
3161
8582
2951
92
6576
4027
3617
4467
5114
2941
5990
5211
5673
4554
9704
8697
5094
8959
3560
3978
5737
440
8646
6502
9484
1751
4239
282
6413
394
2503
7943
9003
7926
4028
5773
2650
1185
2574
1340
8547
9926
4051
4574
5507
8822
1718
9280
3194
3049
6868
986
410
5728
1851
8748
8560
2397
180
3072
2264
2383
6686
9486
6149
9447
9225
7435
9344
4394
2235
7168
6888
497
1655
3072
375
8492
121
509
8479
1707
1168
4634
1714
3420
1238
3896
4765
7952
8700
7958
4048
4186
9797
9653
7744
5221
2463
3214
527
672
297
6539
5415
8797
611
3520
740
4051
2463
3567
1117
1924
2828
9383
7449
7023
1679
773
2515
2207
9626
1806
5497
6307
4979
1008
906
5458
649
9426
4809
8399
5101
9378
4013
9229
5757
7519
1887
2057
7681
9410
7917
740
5192
9244
6722
3484
9088
7573
6302
6446
7612
1950
4543
2706
4973
227
7679
2956
7277
3932
4298
2095
2048
9630
3740
1542
4185
9451
8303
538
8144
8075
4519
955
3435
2398
9959
9213
8083
1787
8521
5783
2623
1442
8953
7457
5410
8658
8480
69
8538
2013
5861
9690
2515
6441
5905
8421
6973
2970
568
6897
4188
485
100
9342
1912
8314
1409
8608
2152
2636
9788
7999
2907
6790
4462
3891
595
5377
8040
8169
1918
4732
4884
2306
5268
7838
3637
5577
3413
1
4733
8309
1164
2757
4563
7360
4015
7370
4161
5079
6321
6000
1764
4877
479
8207
5412
6252
1804
2742
3861
9606
7302
9809
1534
6527
385
6914
5959
4331
7738
2231
4212
4623
8972
3008
8240
4369
4526
2969
7646
4578
2321
1854
2476
6049
9099
2353
7882
3845
8076
4456
7154
2176
580
4988
9513
9174
5665
507
4360
6703
8350
5102
4161
3761
4107
662
4087
3339
4468
6160
7655
1619
6250
4195
4140
5322
4745
7578
5328
7684
9497
6117
6293
6078
9751
3903
7325
4588
5547
382
1864
3001
9553
4310
8365
9619
4198
8256
2381
9066
8464
2760
8843
7808
8741
3476
3486
9525
8599
1668
6711
9647
2998
8277
2758
3383
3521
4453
2029
4396
2526
6913
4609
1908
5774
4794
8623
2469
5050
5747
7918
8885
4583
2965
9740
2865
7631
1538
4575
9844
2520
2090
7138
4124
642
2000
9586
9991
2413
9668
5504
9791
1070
5266
5912
3071
8299
2232
6633
1857
183
7320
9711
5879
6701
3480
262
8150
3121
9041
4126
5658
7027
8733
993
2167
419
6918
2313
99
2368
1077
3205
6309
4032
4077
2848
2188
4498
7036
8375
2004
2877
692
3184
4598
9349
2128
1720
2691
5448
5395
9334
879
1772
9154
7575
8141
9532
1785
2428
3161
847
4580
5426
1099
1572
6639
5315
8595
9552
845
998
9707
707
8920
4873
9265
5070
4975
9328
1705
5046
1193
8196
2790
8524
6324
9229
8877
191
7538
3314
3350
5437
8814
1057
2704
2567
4578
7613
5355
686
5520
2203
4739
2590
4709
9622
4496
4269
5950
7218
7629
5217
3141
2332
3383
6644
8868
1983
5315
7903
2850
8699
1524
4951
6027
3844
3335
8532
4038
2512
1847
3893
4639
2129
2749
8323
7216
281
8506
7571
8958
5943
3640
7291
1493
2307
3194
1065
3812
8682
6663
2265
2189
3602
9687
3037
5440
1153
3641
32
4362
7827
8851
3164
7486
7737
666
624
1357
9900
8828
671
2506
2493
9682
8298
9977
5451
7644
2769
1827
4624
7042
252
6374
7781
7953
4277
9122
5222
9994
5603
9275
5488
6138
2219
5554
9694
4591
9673
9618
6430
521
1689
6818
2798
994
1131
8231
6188
5878
1769
4971
5695
4639
2011
5631
1679
4005
2792
359
6930
4255
3161
562
3112
2558
8731
1530
1761
207
155
6355
9920
6886
1022
3456
6745
9132
7212
6734
8849
2096
2584
6936
8999
3355
9148
5149
4873
5064
3345
4518
2047
6057
3923
4252
8080
8626
1060
795
2673
5674
799
4605
2210
2679
3701
7437
5683
5497
1657
4238
3003
9402
2217
5792
5999
6958
5524
3140
7020
2348
4945
2421
3
7575
8825
9301
4102
1614
7475
5417
529
7029
6418
5391
9135
9820
4241
1856
2434
7357
946
7696
1273
6130
638
9227
8150
5732
543
1390
1303
8036
6951
6214
5141
803
7431
8770
296
3133
7888
645
9672
6089
2454
9531
5216
5611
3994
4999
3803
6378
3086
4699
9662
4691
3758
2297
5030
5626
4943
8323
383
4729
7676
7732
481
7332
9354
3512
2754
9225
8079
3899
77
851
2015
1939
862
3446
1007
9971
5589
9642
275
8404
373
2906
8909
7666
4982
9908
9088
4549
4840
7417
5487
9374
3975
620
8173
8346
8620
2951
6429
6273
9233
8390
5418
8440
2064
6025
2371
6805
91
3180
4073
4967
7132
7845
2826
8351
8239
3313
3758
930
4125
7937
2412
7468
7274
773
7844
746
2660
9475
3143
6521
6531
262
2231
5069
2593
1064
9077
7090
6122
7990
3065
3475
3012
2168
2117
2968
2569
8692
3441
9128
4
1940
244
8139
6980
1818
1621
2020
6333
3658
1981
7555
148
403
5809
9881
8699
9513
3369
1083
1516
8570
3026
8374
752
2956
6251
3473
1403
6166
2125
4668
2511
8351
9141
5684
8411
1477
3470
989
9364
140
4487
5436
6427
5530
342
7257
6307
6264
8598
7335
8139
3938
9591
4407
5581
3056
3030
5409
4472
4774
1585
2490
8385
1335
8733
3435
1859
3444
1983
173
3818
5932
6718
875
1770
8041
391
4714
714
3369
1571
4803
9399
1157
3417
4041
542
4914
6572
648
941
6623
2178
5010
2030
4756
1723
7131
1350
2160
6799
4469
669
5502
8470
3219
7015
1416
2932
2205
8786
5746
7413
7475
255
1365
7850
7400
4311
6916
7785
2639
5046
3540
6133
2674
8950
9141
9992
788
5903
89
7514
2335
8876
8362
5009
6949
4328
8117
1895
3931
3655
9399
6914
1487
9726
8296
9093
4696
1521
2224
7349
4144
4224
6222
3342
7013
1704
1148
3203
5066
3291
7494
5104
9472
6953
9158
1299
676
6580
9988
5206
2645
1921
2125
6384
4741
5903
9308
8870
1162
5584
114
1193
7493
9754
5885
9650
6204
8354
5520
9902
8139
6300
4708
5832
5003
7040
258
8730
8630
9239
1155
4326
6461
3340
6733
7
9025
3457
8907
9592
4483
4014
9817
8475
7319
9888
8417
7646
3123
3406
9555
1124
9065
1488
6916
7674
155
1479
6836
4345
4659
4748
3429
6295
8157
3031
6750
4694
4633
3650
4773
2024
4726
6247
6851
2058
5807
5485
1025
9957
5905
1261
65
6496
3653
447
1426
9227
9445
1883
4467
2571
8722
9417
4204
8274
6986
6167
4640
7439
7483
6842
6286
5452
6774
3967
1864
1490
437
8147
1389
5034
996
2163
2842
2839
2836
3561
7445
1129
4355
710
9206
9449
5880
2801
6855
4579
2980
5173
2512
5168
8738
7506
5550
346
5258
3923
1970
8483
4227
857
9310
5447
8713
646
4619
5275
3533
6267
8354
9975
9521
5335
184
9357
7795
9590
3647
6232
3755
9428
5337
7095
6920
1733
918
3527
1984
3259
4587
4891
8479
1107
860
8676
1302
6480
7531
825
2028
7812
6486
4731
1406
4620
4691
4244
6720
3990
1124
2992
3823
7454
6658
9578
2537
7242
3020
5836
5872
7327
3774
3188
8021
6538
5034
399
3490
8117
6082
4518
9832
2516
399
5651
9491
7992
5766
5354
1996
6610
8018
7903
6392
1622
6804
3468
5197
5894
3286
2296
5381
16
9071
9448
8955
3073
2901
286
5545
8642
6606
7992
2052
3531
4652
5694
9948
7008
2283
7458
9043
3846
5647
4335
7679
5343
3604
3963
3225
8696
4972
4780
3445
6572
6835
8821
8896
5552
9252
288
8832
4219
9227
597
8265
9099
2080
4440
1829
9432
1542
5581
858
9767
813
5518
3713
2769
5597
2967
5790
3315
6688
7177
4901
8920
4078
3514
9720
868
6751
5430
3870
5035
2329
2999
5882
1314
8571
4504
5741
5807
4353
4232
2008
495
1206
6593
9640
986
7747
3936
7516
4088
8417
3058
6424
3488
4807
3268
2806
3599
2588
7099
887
8753
9511
3285
6023
7382
338
452
5034
8525
2626
9130
5121
1099
3301
9144
1535
4718
9657
9237
5605
4528
47
5841
8958
1527
8860
8338
6782
4143
7624
8838
2879
6453
9055
5565
1878
3376
3698
222
9477
3400
9462
1433
9884
4968
2761
8244
703
3516
6278
9998
9458
2335
2393
1458
2644
1934
3242
4968
7766
9358
8049
4637
1165
1086
5887
1074
9585
504
7347
9032
1444
3744
1733
4469
4534
5707
7337
1997
490
1463
1127
8465
2789
6911
724
3522
4257
6574
5968
3377
2116
5688
9525
9721
3443
8413
6040
1781
1592
3859
7133
5804
4593
6933
5178
2963
9858
1514
2267
3573
5589
9366
1994
2852
8249
9362
787
989
7134
8103
2397
8226
1666
4807
3840
3844
4349
462
3618
6485
2530
3688
3332
2074
5049
3483
1986
4763
5677
2068
8177
5756
3841
9455
9160
4696
4541
5011
7332
8330
3608
293
4069
1610
1477
1747
8060
7079
8511
1466
256
9424
7582
9147
425
3411
5084
8623
885
5072
9852
7913
1482
7981
551
2582
6109
8713
6044
8410
5140
8192
9938
846
49
8523
80
5534
6174
8107
6109
6317
7088
1378
3349
4558
9374
3332
9301
6365
9732
3178
9767
2344
7287
5877
5286
7915
2738
5145
4927
847
2545
6566
3740
6725
756
4849
2215
2326
3250
5014
927
1510
9204
3269
1225
8177
2394
9719
3313
6075
597
1676
6332
5789
4784
3304
1189
5137
1071
4622
5771
356
7462
453
3920
1973
4309
7830
4082
1046
2083
8574
915
8591
2616
2269
3260
3447
230
3734
4928
1553
7355
8202
473
2698
5157
6900
6780
9144
3474
5508
2690
4229
5913
8030
3106
8034
5359
9053
1082
1514
2344
8046
1240
104
3722
400
532
2757
1934
1235
7827
2593
5770
9660
2124
921
1979
3119
264
7240
3368
3760
8944
4022
3049
1317
2579
6576
6432
9922
8059
5086
2234
9463
9849
8040
1267
5640
4017
3709
7140
6694
7748
9068
6086
8951
1728
3603
4114
7769
6339
8837
8438
5277
9065
3067
6676
1340
9705
4814
1763
9639
2048
7786
2630
6422
5519
4780
805
5525
7955
7870
835
9610
1167
7492
8113
4200
4224
3558
1118
8060
5504
7651
6348
757
3472
6485
3286
5799
7864
3333
3633
5685
7517
5942
3739
3377
8418
6547
1665
3252
5724
2037
642
3425
6479
98
8817
485
5544
160
1135
7138
5861
6398
2956
3049
5591
3687
6573
9236
8887
6406
1213
6795
4113
4322
4248
1430
3161
9351
6412
6285
8204
1994
6587
6945
7681
6410
2404
4068
1608
8727
1305
1131
7424
3994
3024
7007
1474
3393
8468
5696
7983
4824
1894
8437
6903
6763
2971
6618
4365
7438
2807
7457
4650
8771
3383
8250
552
7311
2913
9120
9819
2405
657
8687
8929
5249
3433
1842
1920
1138
2656
3900
1172
1210
5133
793
9121
9315
3003
710
4708
4232
8278
8572
6057
7408
5199
1113
1337
1622
9300
6951
3052
6551
5514
3015
7135
3067
8893
5979
7092
9279
609
4902
5218
7846
8782
9234
7410
5868
8370
4494
5482
5791
6874
6511
1036
8210
2936
3916
7925
5167
3026
7739
6155
5623
7391
6431
8634
3142
159
4406
3636
9509
104
2265
57
6995
7934
7301
9568
6289
3177
3569
9656
6745
8732
1835
4174
511
4005
1065
3535
2352
8149
4757
4938
2559
3398
7392
4156
1156
4743
8531
4302
7866
6254
4717
3734
3721
6257
2183
4792
7059
3262
6637
7425
8751
2042
9888
6913
8929
4604
6906
2894
233
3906
1105
7668
663
9137
39
5377
2475
126
8535
61
2241
5031
1327
9830
1214
9831
2695
6420
4405
342
6293
4272
1435
7504
4398
910
2129
4485
2143
921
5087
9805
8934
9067
7995
4103
6244
4226
4348
9470
8223
4727
2390
9293
9163
7396
8611
3489
9757
7178
9937
8668
2314
1522
5842
5297
3587
3912
4085
4240
2751
3906
1490
3212
1176
6801
4248
9590
141
4691
603
9836
2381
2072
2439
7306
3461
3384
1317
9651
9373
6922
8780
4172
7455
9400
381
4538
8769
8124
7832
5069
1395
3196
3884
9438
5775
476
139
9081
5175
7122
8844
2888
6626
5449
5901
3773
292
7579
3830
9666
8107
2883
211
6119
5736
2589
9277
5248
5453
1077
1736
1059
1343
1372
652
4327
2414
3134
9288
1160
3641
5045
148
8117
9764
9911
3181
3358
1728
30
5061
7647
1066
2411
793
1256
3235
8281
3511
2809
6953
8996
8243
3955
2886
933
689
9347
1740
5245
2609
4901
8720
4463
1267
8542
8639
6825
1587
6710
3506
981
6156
6811
2373
8219
10
464
1378
6742
4275
4936
483
2675
5149
444
2249
5478
2476
9172
7099
1202
5192
7779
9030
5664
9317
8934
5488
998
7838
8992
5194
3305
823
8313
8152
6129
8403
7909
2728
4360
8912
1131
5767
5838
9351
1920
3011
3386
5648
1775
8759
8315
5684
6063
5657
7528
8981
6521
7796
292
3078
902
2860
7434
8145
2589
1998
5312
8200
2688
9281
9208
9369
4652
6139
6013
3115
6767
19
3999
5072
1014
641
8303
8181
7718
1702
4336
2207
4203
649
7745
380
2202
4236
8791
7914
3191
2966
1035
6458
2986
3254
9098
3141
6971
2149
7903
2826
5130
5806
6304
7415
1718
9550
1293
6608
7808
4320
5070
401
6268
1586
6188
4761
7741
6383
7720
8442
3126
6040
9908
691
2721
376
2139
6722
4742
7664
9248
259
6195
9505
112
218
7280
6896
2310
1603
6394
9261
5227
9126
6601
7953
5367
5689
5982
5859
1922
6892
3691
5116
7620
7010
696
5678
9791
1545
9260
8474
9203
6330
7958
8264
9743
3469
9739
2931
274
9906
8935
7912
1121
5301
9398
6759
1559
2095
27
1384
1380
2094
5815
8482
9192
754
2251
1787
2424
2437
8426
3392
9199
7357
9506
1166
205
3674
2372
3472
9489
6240
9188
6837
6693
6897
2379
7024
9694
9877
1140
9007
5798
9871
3896
6793
1715
9625
3411
9715
7374
8562
1210
7862
6318
3826
5790
5643
5879
428
4781
9131
3644
7698
4608
9819
2814
5134
2504
4640
7973
1919
4777
9770
4528
861
2135
3550
9597
9328
7538
2150
9501
6871
4610
60
9160
1643
4900
6389
1696
5491
479
7046
2304
626
4252
2398
9094
9178
4179
9718
4986
592
9108
9875
9001
837
3379
8083
2307
1698
4480
9247
4241
8045
3121
9497
6211
5899
7843
6781
6821
4356
6979
5104
9902
9
9174
8917
8188
3340
9975
6444
9333
2770
6043
3353
7663
3532
457
1021
4617
5340
2224
6921
3170
4947
693
8123
6713
7125
814
2792
837
324
8385
8676
7236
1355
5329
2059
2602
6770
3838
5435
1742
7334
4758
7224
3403
5959
15
2281
9350
8763
1043
7634
2053
3567
5197
3931
4036
58
9975
9409
2422
1078
473
9840
5462
5082
8972
4892
4003
5658
6804
8587
9688
5189
7719
9168
3484
6235
8861
1538
2620
6012
148
3691
1406
6468
5385
7063
1542
4896
8729
9546
533
7749
8286
9113
2591
3399
4558
5403
5021
7929
5209
6434
4515
1767
9211
7689
1978
3903
2794
1206
1578
4807
6840
3027
9550
8736
357
8406
957
1058
7496
5463
8091
6495
6218
9678
2476
9692
5144
3546
3556
442
1404
7997
1049
2040
6357
4782
4697
2751
7948
1918
4659
7174
8157
7499
8170
6425
1518
704
3240
3448
5988
2680
8155
2569
603
4113
6315
413
5289
782
9590
8684
6968
3141
9724
8030
2651
1096
6621
6140
4628
505
4319
2583
5028
3679
368
7506
7048
2157
1954
1207
7984
6395
2609
6894
4801
3620
6639
9457
6453
2116
4487
8971
8419
7428
1197
8818
3977
3606
1834
4822
3650
472
2286
3580
8919
6142
1223
5314
8858
2526
9129
8982
8607
398
3345
5132
6790
9751
3807
5054
4898
640
2804
3142
5429
9467
3467
3053
7139
5772
5952
7264
5173
4977
7303
3922
989
3259
847
4494
2058
1734
3640
679
4096
8487
5939
9259
9250
8640
5003
9150
2090
4578
6596
5760
1535
773
1498
3963
883
210
1060
2470
45
2311
5366
9214
3736
5489
9939
9448
6918
973
2067
5724
4086
8388
5837
1637
2151
7731
5727
9291
7597
6819
2222
3806
7355
8115
9332
6864
9424
3857
3136
5303
3633
3876
2479
43
5148
6166
7845
5286
3328
6305
2071
7827
6379
8165
7036
1586
7846
5002
3793
3012
4491
6967
9654
8877
6297
8375
4715
9171
8472
5635
1989
4307
2169
4662
9886
7611
5355
4794
3114
1268
7768
4768
8260
6235
4222
5140
3265
4456
8652
700
5816
4718
7247
5874
4281
1884
2774
5896
6210
2907
3755
6619
3689
2029
1578
6228
1825
1871
5778
2837
6553
6755
2764
2976
561
9498
6083
7308
1666
3198
6940
1566
6216
5068
2145
2687
1217
251
2916
2341
2822
9712
2047
2703
5497
7844
8827
2178
5768
2162
781
2008
6783
9656
8853
8227
5082
1724
7924
7252
8977
2437
7728
7563
8702
2865
170
4386
2107
7606
7784
9041
6109
8353
4693
9765
3296
3273
5753
6142
5165
344
1820
5064
8301
7371
9049
2101
7491
1341
7977
8561
213
5049
3761
1106
274
9433
2410
7823
4436
5987
9084
1854
4812
4734
3633
1333
1529
9808
5408
2253
4686
6431
4092
9091
2030
245
5801
6569
8878
2359
4021
4745
9847
1224
3105
8791
7713
5511
7961
4270
3330
531
7376
8513
1965
4408
9927
8752
5621
9236
892
8125
7972
6729
5690
1303
8379
7512
458
2593
4125
8124
3156
651
5493
46
9230
5620
6577
630
4324
6453
5871
6678
2789
8484
4517
7583
4784
3851
6918
6455
6695
333
7872
4465
9248
7325
2800
5739
5235
1229
2781
7583
4079
6379
4086
3562
3602
1734
2695
5000
305
8096
7894
9864
8236
5318
5454
6634
3083
4104
118
4803
2531
2391
9191
2931
6095
1989
3842
9780
7669
7236
2422
4042
1859
3697
566
3355
771
1640
6158
3898
1419
5962
3304
7719
5123
1503
8413
6111
9401
304
3196
3877
9680
5229
3933
1108
2904
2625
3713
6217
7589
5173
4526
6425
5211
4959
9057
9617
5954
5938
7818
4549
7784
4393
5872
4765
1565
5821
4805
5252
6537
6720
9845
9856
9820
175
9045
1811
843
4850
1329
9312
6574
8004
2843
3034
6275
4521
6551
2718
5128
5551
8280
5510
4529
2353
3550
9615
3097
3196
3435
2989
6539
3770
4402
8321
6373
4430
6662
2314
7225
857
7876
9450
9919
8205
4260
7810
2888
2655
9088
7283
7616
8453
9393
8561
4690
2966
5274
4665
5888
7055
2615
5462
4228
3186
9280
9582
8334
9047
6850
7492
9659
212
4868
4090
1094
1363
2173
9091
3362
1965
437
8761
1173
8898
8251
3080
4610
5560
271
8298
2454
4175
4792
6024
3224
5675
4901
6496
6618
9413
2852
5455
2697
3141
4697
1212
8713
2285
2356
875
3757
6306
3281
2499
9579
9148
3682
2939
1842
207
9866
9575
9868
2037
3659
7753
4472
1093
2127
4791
2889
8222
8827
5679
6992
6321
3696
5260
5991
3594
1327
6574
7658
2197
2893
5311
2720
3700
5242
5879
5546
4764
1787
5437
478
8687
3778
8464
7265
1102
7191
5889
905
959
104
9642
939
1173
7693
5594
2709
6840
7222
5279
8448
2740
3326
9557
9182
6020
4711
5401
9393
4410
6977
401
5117
5078
2699
8214
2772
4344
9131
2226
351
3874
5914
3962
4833
4650
67
7435
9678
6098
3161
519
4087
4031
6085
9705
1337
7764
88
5146
6963
3697
8891
8754
8813
9932
5581
9317
63
4103
9719
5076
3180
4463
4645
6029
7514
2532
2306
5315
5701
4075
3118
1519
4387
4082
1316
1416
2928
512
2083
5786
9647
1080
5314
9255
9009
7093
2306
8848
4632
8470
5894
4875
2450
4447
1578
2138
5524
5212
7065
9018
7036
712
291
6958
783
4233
1485
3105
9160
9994
3112
4401
7045
5965
2658
2330
6269
5375
7103
3659
9427
3013
4693
4038
3660
5248
9138
8129
4747
5993
3718
2035
9357
4287
7969
1236
8613
3069
7557
18
9289
2821
8791
6371
9868
8246
2775
9770
7494
921
664
7883
8370
5940
684
2285
8592
5971
9631
2518
4572
1873
6419
2505
2221
5020
2901
3226
1892
2837
7684
807
1704
5709
1930
9757
5341
351
2260
6925
1637
2054
4764
2950
2386
5764
5893
4465
1644
3878
494
2130
4532
6842
4657
6667
6028
1175
1171
7536
586
8361
8380
6595
1524
7212
9029
2185
5096
1777
4259
7408
7910
6631
9383
89
7928
1474
2245
874
8673
7370
2037
239
3462
7666
6313
4804
1483
7666
6557
8272
390
8458
8208
2558
677
1948
9267
233
5581
6134
2777
285
6502
1896
2321
5344
8000
5196
6485
79
8328
1466
7687
7199
1145
2185
3215
9692
1562
7158
1410
5295
5001
9854
3956
1986
493
7330
6005
1316
955
689
9481
9777
1791
6836
1319
7083
5686
7359
7616
4241
5890
5778
6730
3580
2467
101
9197
7546
5971
3669
17
2979
894
3601
9324
2866
6789
2791
769
8068
8490
8401
3012
7456
8056
7030
8678
6004
173
4366
6831
6938
9613
4992
9561
5803
4061
6266
656
1467
8115
8680
4472
1476
4600
3992
6105
6946
7462
1515
9754
5229
6471
2464
784
6941
7689
2007
8378
7649
5276
8755
9940
3484
9554
1848
5422
4274
3464
6478
9605
7394
4554
9731
3047
469
2476
9977
7861
1312
2570
4664
2813
9029
4596
3353
3300
1098
1908
5096
5697
7412
466
1867
2306
3755
8921
2615
2649
4018
761
5771
9234
2543
6968
1530
1056
5439
2986
9081
6111
2460
6925
8110
4952
9074
6878
8357
951
1735
3975
5784
9332
8046
4393
9013
6275
7507
7902
5070
1418
7816
2743
9203
1962
6361
6624
9552
4231
6418
1472
3815
9012
2865
5178
1658
324
2729
7045
3626
3325
1797
4900
4562
6014
9680
911
7137
1106
2204
8
8981
8983
1839
9548
5149
0
3971
1333
6147
4586
9255
7434
599
2537
57
9409
778
8724
2002
6437
8709
1015
71
1662
289
7632
2322
7606
4985
5408
3335
910
9078
7427
3782
3822
1094
8400
2118
4917
9142
8787
9371
4299
1172
4158
8192
9213
834
4583
2934
4413
3598
9926
8375
7916
34
848
870
6820
5771
2064
7239
9774
539
3904
3498
2359
1919
619
7620
9170
2941
9023
8020
1704
6511
9030
2121
4290
3811
8462
7477
1245
8265
8078
1261
7210
1440
9219
2624
9175
2339
5669
6427
3105
6963
3378
6135
259
699
6569
8310
8321
2135
6374
1050
264
3247
8671
3969
9530
7543
1044
7882
3521
4706
4916
8207
8696
7568
7816
7296
9600
4834
2459
7403
1077
853
3877
7770
7575
1987
3178
6488
5998
7598
6679
162
8854
2581
2141
2202
2604
7445
9631
3585
2047
1480
3116
8319
5342
4260
340
9517
5857
865
2742
987
6378
6591
4228
3544
8464
7608
7448
4866
4689
5098
8908
6670
4378
1696
9730
3201
4050
735
7140
590
2243
752
2892
7527
4649
9983
8745
3847
9565
8174
5832
5139
5544
5917
4306
8294
2837
4952
2004
5014
7707
6396
6028
7760
4050
7682
9134
5333
9862
3171
3590
3352
7049
7833
8799
8281
1857
8192
5354
2288
9725
9798
7477
278
2798
5909
7777
9691
511
7762
3160
8311
3652
2848
8375
5251
167
3941
4137
5524
6575
8271
104
9167
2322
3222
9045
1748
5666
2176
7482
4291
8747
1737
9795
7107
6387
9460
7340
3875
7857
9425
1471
9388
3373
1516
9521
6852
7384
9112
5797
8335
8858
9048
5397
5052
4734
7144
7295
2513
6441
2413
4551
9265
976
3120
3703
6933
7421
8260
2478
3587
6952
8767
4787
2081
9432
3761
4643
9927
2489
8483
6124
7527
9598
2235
4774
7130
2180
6594
6978
5770
6930
6429
7712
1591
3713
8872
3848
4491
1210
8268
9692
8805
7229
8339
3815
7870
8068
6357
1395
7750
6680
7906
4260
139
2488
5016
1624
2520
6670
4878
8091
7026
5477
1142
1962
8127
746
4879
6042
3268
1104
7696
5254
9882
9627
5211
173
6835
3655
5086
3272
8266
339
216
5167
3057
7117
4251
1410
3714
9733
3654
6512
4293
1732
7727
764
8220
8371
5653
7187
3318
4828
7488
446
3174
3244
4261
6947
1096
5671
847
5486
5351
310
4144
802
2090
6556
8207
8170
5469
321
7468
5799
2788
4865
8957
3169
6216
3921
4499
7717
1595
3321
4293
9307
9180
4482
3968
1748
766
8158
8256
3330
2573
9669
5738
3801
3538
7446
788
3505
4185
5203
805
1504
2130
4280
9068
3428
6469
6788
6183
6519
4765
2074
5947
8875
3177
8702
4703
2267
2393
1686
6754
3047
9450
7
2271
3664
8266
2589
8260
8075
9795
1868
7619
7973
6036
2826
6104
3121
851
1951
2094
8372
4535
4968
9455
1932
8350
4373
9518
4333
9913
7812
4204
5203
210
6197
8665
5430
8278
6031
8481
5596
150
3928
3382
7657
4519
2512
6776
5767
8762
5999
7913
3873
5473
613
1462
2248
1433
9722
7440
2470
8093
6049
3001
552
5052
3676
6402
865
5786
652
2630
9330
7899
9013
9623
2917
8587
2720
3812
3947
9639
5660
3778
1876
5329
1184
1237
2327
839
1886
9257
2954
8478
3325
8671
8409
3905
8217
4943
2140
4784
8257
9436
1081
9876
9176
966
332
7436
913
5813
8925
7967
8822
6951
4415
7861
3758
6150
3647
7296
8559
5815
9368
7842
5944
976
7515
2687
8206
5640
8014
5123
2157
1905
2688
8988
3794
4674
7503
8154
5856
9604
2765
788
8062
6982
4142
8152
4156
9650
9409
6983
2146
8806
658
9132
4057
7521
9410
2067
9417
8159
2513
9076
2264
6548
24
8595
4961
2690
2363
7909
3322
5091
2948
7711
6669
3375
4257
437
3277
1744
9777
7163
6411
4059
1693
4916
8614
9849
4299
8720
2286
9387
6117
419
2676
5113
9483
9398
5399
6177
4979
8656
4308
2611
9496
3421
7170
5759
937
8423
5938
1977
9624
4321
5630
7331
6318
3333
836
2055
9424
9093
1688
4855
9436
5997
1762
8809
6977
8821
8849
2559
1865
4327
5746
2787
4588
2690
2358
6547
8273
8112
2210
4906
8778
4794
6237
2598
2916
6533
4173
1879
9931
5662
9212
2653
9397
9797
4756
5040
9434
2900
2978
5062
2783
533
3720
8882
4679
7886
8812
6106
5694
3121
1258
8085
4763
7910
980
2847
2456
1634
8767
4319
2239
5689
7936
9842
7918
9525
8838
6626
8785
662
4775
4757
52
6756
9174
1652
5121
8982
2927
422
7908
2509
7678
2536
8042
1618
5566
3366
9057
4162
8418
7728
9911
2487
9704
1375
3100
5672
728
3538
8464
1016
8454
5098
355
1052
6128
6700
7279
6069
9439
1268
7326
1095
333
5736
9767
630
7815
7537
3044
4001
45
2422
2023
9174
4898
1508
2899
3089
6770
7126
